[95, 149]
[95, 150]
[96, 150]
[96, 151]
[97, 152]
[97, 153]
[97, 154]
[98, 153]
[98, 154]
[98, 155]
[98, 156]
[99, 153]
[99, 154]
[99, 157]
[99, 158]
[99, 159]
[100, 154]
[100, 159]
[100, 160]
[100, 161]
[101, 155]
[101, 162]
[101, 163]
[101, 164]
[102, 156]
[102, 164]
[102, 165]
[102, 166]
[103, 156]
[103, 157]
[103, 167]
[103, 168]
[104, 157]
[104, 169]
[104, 170]
[104, 268]
[105, 157]
[105, 158]
[105, 171]
[105, 172]
[105, 173]
[106, 106]
[106, 107]
[106, 108]
[106, 109]
[106, 110]
[106, 111]
[106, 112]
[106, 113]
[106, 114]
[106, 158]
[106, 173]
[106, 174]
[106, 175]
[107, 90]
[107, 91]
[107, 92]
[107, 93]
[107, 94]
[107, 95]
[107, 96]
[107, 97]
[107, 98]
[107, 99]
[107, 100]
[107, 101]
[107, 116]
[107, 117]
[107, 118]
[107, 119]
[107, 158]
[107, 159]
[107, 176]
[107, 177]
[108, 85]
[108, 86]
[108, 87]
[108, 88]
[108, 103]
[108, 104]
[108, 105]
[108, 106]
[108, 121]
[108, 122]
[108, 159]
[108, 177]
[108, 178]
[108, 179]
[109, 84]
[109, 85]
[109, 123]
[109, 124]
[109, 159]
[109, 180]
[109, 181]
[109, 271]
[110, 126]
[110, 127]
[110, 160]
[110, 182]
[110, 183]
[111, 128]
[111, 160]
[111, 170]
[111, 184]
[111, 185]
[112, 80]
[112, 81]
[112, 82]
[112, 83]
[112, 84]
[112, 85]
[112, 129]
[112, 130]
[112, 161]
[112, 182]
[112, 183]
[112, 185]
[112, 186]
[112, 187]
[112, 188]
[113, 76]
[113, 77]
[113, 78]
[113, 131]
[113, 161]
[113, 180]
[113, 189]
[114, 73]
[114, 74]
[114, 132]
[114, 161]
[114, 162]
[114, 169]
[114, 180]
[114, 190]
[114, 191]
[114, 273]
[115, 71]
[115, 72]
[115, 133]
[115, 134]
[115, 162]
[115, 193]
[116, 69]
[116, 70]
[116, 135]
[116, 162]
[116, 180]
[116, 194]
[116, 195]
[117, 67]
[117, 68]
[117, 136]
[117, 162]
[117, 163]
[117, 181]
[117, 196]
[117, 197]
[118, 69]
[118, 137]
[118, 163]
[118, 181]
[118, 198]
[118, 274]
[119, 0]
[119, 1]
[119, 2]
[119, 3]
[119, 4]
[119, 5]
[119, 6]
[119, 7]
[119, 8]
[119, 9]
[119, 10]
[119, 11]
[119, 12]
[119, 13]
[119, 14]
[119, 15]
[119, 17]
[119, 19]
[119, 138]
[119, 163]
[119, 200]
[120, 0]
[120, 16]
[120, 20]
[120, 21]
[120, 22]
[120, 24]
[120, 25]
[120, 26]
[120, 27]
[120, 28]
[120, 29]
[120, 30]
[120, 31]
[120, 32]
[120, 33]
[120, 34]
[120, 35]
[120, 69]
[120, 70]
[120, 71]
[120, 139]
[120, 163]
[120, 181]
[120, 201]
[120, 202]
[121, 0]
[121, 36]
[121, 38]
[121, 39]
[121, 40]
[121, 41]
[121, 42]
[121, 43]
[121, 139]
[121, 140]
[121, 164]
[121, 182]
[121, 204]
[122, 1]
[122, 44]
[122, 45]
[122, 46]
[122, 47]
[122, 48]
[122, 70]
[122, 141]
[122, 164]
[122, 182]
[122, 205]
[122, 206]
[123, 1]
[123, 49]
[123, 50]
[123, 51]
[123, 52]
[123, 53]
[123, 68]
[123, 69]
[123, 142]
[123, 164]
[123, 207]
[123, 275]
[124, 2]
[124, 8]
[124, 9]
[124, 10]
[124, 11]
[124, 12]
[124, 13]
[124, 14]
[124, 15]
[124, 17]
[124, 18]
[124, 20]
[124, 21]
[124, 23]
[124, 25]
[124, 54]
[124, 55]
[124, 56]
[124, 66]
[124, 67]
[124, 142]
[124, 165]
[124, 183]
[124, 208]
[124, 209]
[125, 3]
[125, 9]
[125, 26]
[125, 28]
[125, 30]
[125, 31]
[125, 32]
[125, 33]
[125, 34]
[125, 36]
[125, 57]
[125, 58]
[125, 64]
[125, 65]
[125, 143]
[125, 165]
[125, 183]
[125, 210]
[126, 3]
[126, 9]
[126, 38]
[126, 40]
[126, 41]
[126, 42]
[126, 43]
[126, 60]
[126, 61]
[126, 63]
[126, 144]
[126, 165]
[126, 183]
[126, 212]
[127, 4]
[127, 10]
[127, 45]
[127, 46]
[127, 47]
[127, 48]
[127, 144]
[127, 166]
[127, 213]
[127, 214]
[128, 5]
[128, 50]
[128, 51]
[128, 145]
[128, 166]
[128, 170]
[128, 172]
[128, 184]
[128, 215]
[129, 5]
[129, 11]
[129, 53]
[129, 54]
[129, 146]
[129, 166]
[129, 173]
[129, 174]
[129, 184]
[129, 216]
[130, 6]
[130, 12]
[130, 55]
[130, 56]
[130, 146]
[130, 166]
[130, 169]
[130, 175]
[130, 176]
[130, 218]
[131, 7]
[131, 55]
[131, 147]
[131, 167]
[131, 177]
[131, 184]
[131, 219]
[131, 277]
[132, 6]
[132, 8]
[132, 13]
[132, 53]
[132, 147]
[132, 167]
[132, 169]
[132, 179]
[132, 180]
[132, 185]
[132, 220]
[132, 221]
[133, 8]
[133, 14]
[133, 52]
[133, 147]
[133, 167]
[133, 169]
[133, 181]
[133, 185]
[133, 222]
[134, 9]
[134, 15]
[134, 51]
[134, 148]
[134, 168]
[134, 183]
[134, 184]
[134, 223]
[135, 9]
[135, 15]
[135, 49]
[135, 50]
[135, 148]
[135, 168]
[135, 169]
[135, 185]
[135, 186]
[135, 225]
[136, 10]
[136, 149]
[136, 168]
[136, 169]
[136, 186]
[136, 226]
[137, 10]
[137, 16]
[137, 48]
[137, 149]
[137, 168]
[137, 227]
[138, 11]
[138, 17]
[138, 47]
[138, 149]
[138, 168]
[138, 169]
[138, 228]
[138, 278]
[139, 12]
[139, 18]
[139, 46]
[139, 149]
[139, 169]
[139, 229]
[140, 12]
[140, 18]
[140, 150]
[140, 169]
[140, 230]
[141, 13]
[141, 19]
[141, 44]
[141, 45]
[141, 150]
[141, 169]
[141, 231]
[142, 14]
[142, 20]
[142, 150]
[142, 232]
[142, 252]
[142, 253]
[143, 15]
[143, 43]
[143, 150]
[143, 170]
[143, 234]
[143, 249]
[143, 251]
[143, 253]
[144, 15]
[144, 21]
[144, 42]
[144, 150]
[144, 170]
[144, 234]
[144, 247]
[145, 16]
[145, 22]
[145, 41]
[145, 235]
[145, 245]
[145, 253]
[146, 17]
[146, 23]
[146, 151]
[146, 171]
[146, 236]
[146, 253]
[146, 279]
[147, 17]
[147, 24]
[147, 40]
[147, 151]
[147, 171]
[147, 243]
[147, 253]
[148, 18]
[148, 25]
[148, 39]
[148, 152]
[148, 171]
[148, 237]
[148, 242]
[149, 19]
[149, 25]
[149, 153]
[149, 238]
[149, 253]
[150, 20]
[150, 26]
[150, 38]
[150, 153]
[150, 172]
[150, 238]
[150, 241]
[150, 253]
[151, 21]
[151, 27]
[151, 38]
[151, 154]
[151, 172]
[151, 239]
[151, 253]
[152, 21]
[152, 37]
[152, 154]
[152, 172]
[153, 22]
[153, 23]
[153, 28]
[153, 36]
[153, 155]
[153, 165]
[153, 253]
[154, 23]
[154, 29]
[154, 36]
[154, 164]
[154, 165]
[154, 166]
[154, 173]
[154, 253]
[155, 24]
[155, 30]
[155, 156]
[155, 158]
[155, 163]
[155, 164]
[155, 167]
[155, 171]
[155, 253]
[155, 272]
[155, 273]
[155, 274]
[155, 275]
[156, 25]
[156, 31]
[156, 35]
[156, 158]
[156, 163]
[156, 168]
[156, 253]
[156, 270]
[157, 25]
[157, 32]
[157, 35]
[157, 158]
[157, 159]
[157, 162]
[157, 169]
[157, 238]
[157, 253]
[157, 268]
[157, 275]
[158, 26]
[158, 27]
[158, 33]
[158, 34]
[158, 159]
[158, 160]
[158, 162]
[158, 170]
[158, 198]
[158, 240]
[158, 267]
[159, 28]
[159, 34]
[159, 159]
[159, 171]
[159, 181]
[159, 182]
[159, 183]
[159, 184]
[159, 192]
[159, 193]
[159, 194]
[159, 195]
[159, 196]
[159, 197]
[159, 242]
[159, 253]
[159, 275]
[160, 28]
[160, 172]
[160, 173]
[160, 176]
[160, 177]
[160, 178]
[160, 179]
[160, 185]
[160, 187]
[160, 188]
[160, 189]
[160, 190]
[160, 198]
[160, 244]
[160, 253]
[160, 265]
[160, 275]
[161, 29]
[161, 160]
[161, 175]
[161, 246]
[161, 253]
[161, 264]
[162, 30]
[162, 31]
[162, 102]
[162, 104]
[162, 106]
[162, 108]
[162, 110]
[162, 161]
[162, 199]
[162, 200]
[162, 201]
[162, 202]
[162, 203]
[162, 204]
[162, 205]
[162, 206]
[162, 207]
[162, 208]
[162, 209]
[162, 210]
[162, 211]
[162, 212]
[162, 213]
[162, 214]
[162, 215]
[162, 216]
[162, 217]
[162, 218]
[162, 219]
[162, 220]
[162, 221]
[162, 222]
[162, 223]
[162, 224]
[162, 253]
[162, 275]
[163, 31]
[163, 99]
[163, 100]
[163, 101]
[163, 103]
[163, 105]
[163, 107]
[163, 109]
[163, 111]
[163, 112]
[163, 113]
[163, 114]
[163, 142]
[163, 161]
[163, 226]
[163, 227]
[163, 228]
[163, 229]
[163, 230]
[163, 248]
[163, 263]
[163, 275]
[164, 32]
[164, 98]
[164, 115]
[164, 138]
[164, 139]
[164, 141]
[164, 144]
[164, 145]
[164, 146]
[164, 161]
[164, 232]
[164, 233]
[164, 253]
[165, 97]
[165, 116]
[165, 136]
[165, 148]
[165, 234]
[165, 235]
[165, 251]
[165, 253]
[165, 262]
[165, 275]
[166, 32]
[166, 96]
[166, 117]
[166, 135]
[166, 149]
[166, 162]
[166, 237]
[166, 262]
[166, 275]
[167, 32]
[167, 96]
[167, 117]
[167, 133]
[167, 134]
[167, 150]
[167, 162]
[167, 238]
[167, 239]
[167, 253]
[168, 32]
[168, 96]
[168, 117]
[168, 132]
[168, 151]
[168, 152]
[168, 240]
[168, 253]
[168, 254]
[168, 262]
[168, 275]
[169, 31]
[169, 96]
[169, 117]
[169, 131]
[169, 163]
[169, 241]
[169, 255]
[170, 31]
[170, 96]
[170, 101]
[170, 102]
[170, 103]
[170, 104]
[170, 105]
[170, 106]
[170, 117]
[170, 153]
[170, 163]
[170, 175]
[170, 183]
[170, 195]
[170, 242]
[170, 255]
[170, 262]
[170, 275]
[171, 31]
[171, 97]
[171, 101]
[171, 102]
[171, 103]
[171, 104]
[171, 105]
[171, 106]
[171, 130]
[171, 154]
[171, 155]
[171, 201]
[171, 202]
[171, 203]
[171, 204]
[171, 205]
[171, 206]
[171, 207]
[171, 208]
[171, 210]
[171, 211]
[171, 212]
[171, 214]
[171, 215]
[171, 216]
[171, 218]
[171, 219]
[171, 220]
[171, 222]
[171, 223]
[171, 224]
[171, 226]
[171, 227]
[171, 228]
[171, 230]
[171, 231]
[171, 232]
[171, 234]
[171, 235]
[171, 236]
[171, 238]
[171, 239]
[171, 240]
[171, 242]
[171, 243]
[171, 244]
[171, 256]
[172, 30]
[172, 97]
[172, 116]
[172, 129]
[172, 156]
[172, 164]
[172, 200]
[172, 257]
[172, 258]
[172, 259]
[172, 260]
[172, 261]
[172, 275]
[173, 30]
[173, 98]
[173, 115]
[173, 157]
[173, 164]
[174, 30]
[174, 99]
[174, 100]
[174, 101]
[174, 103]
[174, 105]
[174, 107]
[174, 109]
[174, 111]
[174, 112]
[174, 113]
[174, 114]
[174, 128]
[174, 158]
[174, 164]
[174, 199]
[174, 275]
[175, 30]
[175, 102]
[175, 104]
[175, 106]
[175, 108]
[175, 110]
[175, 159]
[175, 201]
[175, 203]
[175, 262]
[176, 30]
[176, 127]
[176, 165]
[176, 194]
[176, 202]
[177, 29]
[177, 127]
[177, 160]
[177, 165]
[177, 263]
[177, 275]
[178, 19]
[178, 25]
[178, 27]
[178, 29]
[178, 160]
[178, 165]
[178, 202]
[179, 19]
[179, 20]
[179, 21]
[179, 23]
[179, 24]
[179, 126]
[179, 161]
[179, 165]
[179, 202]
[179, 265]
[180, 14]
[180, 16]
[180, 17]
[180, 18]
[180, 126]
[180, 165]
[180, 275]
[181, 14]
[181, 161]
[181, 166]
[181, 176]
[181, 202]
[181, 266]
[182, 13]
[182, 125]
[182, 129]
[182, 130]
[182, 131]
[182, 162]
[182, 204]
[182, 205]
[182, 206]
[182, 268]
[183, 10]
[183, 11]
[183, 12]
[183, 125]
[183, 127]
[183, 128]
[183, 129]
[183, 131]
[183, 132]
[183, 133]
[183, 162]
[183, 166]
[183, 196]
[183, 207]
[183, 262]
[183, 264]
[183, 265]
[183, 266]
[183, 267]
[183, 268]
[183, 269]
[183, 270]
[183, 271]
[183, 272]
[183, 273]
[183, 274]
[183, 275]
[184, 125]
[184, 126]
[184, 127]
[184, 134]
[184, 135]
[184, 166]
[184, 208]
[184, 209]
[184, 210]
[184, 211]
[184, 212]
[184, 213]
[184, 214]
[184, 215]
[184, 216]
[184, 217]
[184, 218]
[184, 219]
[184, 220]
[184, 221]
[184, 222]
[184, 223]
[184, 224]
[184, 225]
[184, 226]
[184, 227]
[184, 228]
[184, 229]
[184, 230]
[184, 231]
[184, 232]
[184, 233]
[184, 234]
[184, 235]
[184, 236]
[184, 237]
[184, 238]
[184, 239]
[184, 240]
[184, 241]
[184, 242]
[184, 243]
[184, 244]
[184, 245]
[184, 246]
[184, 247]
[184, 248]
[184, 249]
[184, 250]
[184, 251]
[185, 8]
[185, 9]
[185, 10]
[185, 11]
[185, 125]
[185, 135]
[185, 163]
[185, 166]
[185, 252]
[185, 262]
[186, 8]
[186, 9]
[186, 14]
[186, 124]
[186, 125]
[186, 135]
[186, 136]
[186, 163]
[186, 166]
[186, 252]
[186, 262]
[187, 12]
[187, 124]
[187, 136]
[187, 163]
[187, 166]
[187, 199]
[188, 12]
[188, 16]
[188, 17]
[188, 18]
[188, 19]
[188, 124]
[188, 136]
[188, 163]
[188, 166]
[188, 252]
[188, 262]
[188, 263]
[189, 11]
[189, 12]
[189, 13]
[189, 14]
[189, 22]
[189, 124]
[189, 136]
[189, 166]
[190, 10]
[190, 11]
[190, 124]
[190, 136]
[190, 163]
[190, 166]
[190, 253]
[190, 263]
[191, 20]
[191, 124]
[191, 136]
[191, 166]
[191, 263]
[192, 18]
[192, 19]
[192, 124]
[192, 136]
[192, 163]
[192, 166]
[192, 253]
[192, 263]
[193, 124]
[193, 136]
[193, 164]
[193, 187]
[193, 253]
[193, 263]
[194, 17]
[194, 124]
[194, 136]
[194, 163]
[194, 166]
[194, 253]
[194, 263]
[195, 16]
[195, 124]
[195, 136]
[195, 166]
[195, 263]
[196, 16]
[196, 124]
[196, 136]
[196, 163]
[196, 166]
[196, 212]
[196, 253]
[196, 263]
[197, 15]
[197, 16]
[197, 18]
[197, 124]
[197, 136]
[197, 166]
[197, 196]
[197, 252]
[197, 263]
[198, 124]
[198, 136]
[198, 163]
[198, 166]
[198, 263]
[199, 17]
[199, 18]
[199, 19]
[199, 20]
[199, 21]
[199, 22]
[199, 23]
[199, 124]
[199, 136]
[199, 163]
[199, 166]
[199, 252]
[199, 262]
[200, 17]
[200, 25]
[200, 26]
[200, 124]
[200, 125]
[200, 136]
[200, 163]
[200, 166]
[200, 252]
[201, 27]
[201, 125]
[201, 135]
[201, 163]
[201, 166]
[201, 262]
[202, 28]
[202, 125]
[202, 126]
[202, 134]
[202, 135]
[202, 162]
[202, 166]
[202, 199]
[202, 208]
[202, 209]
[202, 210]
[202, 212]
[202, 213]
[202, 214]
[202, 216]
[202, 217]
[202, 219]
[202, 220]
[202, 222]
[202, 223]
[202, 225]
[202, 226]
[202, 228]
[202, 229]
[202, 231]
[202, 232]
[202, 234]
[202, 235]
[202, 237]
[202, 239]
[202, 240]
[202, 242]
[202, 244]
[202, 245]
[202, 247]
[202, 249]
[202, 250]
[202, 251]
[202, 262]
[203, 28]
[203, 125]
[203, 127]
[203, 128]
[203, 129]
[203, 132]
[203, 133]
[203, 134]
[203, 207]
[203, 264]
[203, 266]
[203, 267]
[203, 268]
[203, 270]
[203, 271]
[203, 272]
[203, 273]
[203, 274]
[203, 275]
[204, 125]
[204, 129]
[204, 130]
[204, 131]
[204, 162]
[204, 166]
[204, 206]
[204, 207]
[204, 263]
[204, 268]
[204, 269]
[205, 29]
[205, 162]
[205, 202]
[205, 203]
[205, 204]
[205, 266]
[206, 29]
[206, 126]
[206, 161]
[206, 165]
[206, 183]
[206, 275]
[207, 29]
[207, 126]
[207, 161]
[207, 165]
[207, 201]
[207, 265]
[208, 29]
[208, 160]
[208, 165]
[208, 202]
[208, 264]
[209, 29]
[209, 127]
[209, 160]
[209, 165]
[209, 202]
[209, 263]
[209, 275]
[210, 30]
[210, 127]
[210, 159]
[211, 30]
[211, 128]
[211, 159]
[211, 165]
[211, 174]
[211, 202]
[211, 203]
[211, 262]
[212, 30]
[212, 99]
[212, 100]
[212, 101]
[212, 102]
[212, 103]
[212, 104]
[212, 105]
[212, 106]
[212, 107]
[212, 108]
[212, 109]
[212, 110]
[212, 111]
[212, 112]
[212, 113]
[212, 128]
[212, 158]
[212, 164]
[212, 200]
[212, 201]
[212, 203]
[212, 275]
[213, 30]
[213, 98]
[213, 114]
[213, 115]
[213, 157]
[213, 164]
[213, 199]
[213, 261]
[214, 31]
[214, 97]
[214, 116]
[214, 129]
[214, 156]
[214, 164]
[214, 256]
[214, 258]
[214, 259]
[214, 260]
[214, 261]
[214, 275]
[215, 31]
[215, 97]
[215, 117]
[215, 130]
[215, 155]
[215, 200]
[215, 201]
[215, 202]
[215, 203]
[215, 204]
[215, 205]
[215, 206]
[215, 207]
[215, 208]
[215, 209]
[215, 210]
[215, 211]
[215, 212]
[215, 213]
[215, 214]
[215, 215]
[215, 216]
[215, 217]
[215, 218]
[215, 219]
[215, 220]
[215, 221]
[215, 222]
[215, 223]
[215, 224]
[215, 225]
[215, 226]
[215, 227]
[215, 228]
[215, 229]
[215, 230]
[215, 231]
[215, 232]
[215, 233]
[215, 234]
[215, 235]
[215, 236]
[215, 237]
[215, 238]
[215, 239]
[215, 240]
[215, 241]
[215, 242]
[215, 243]
[215, 244]
[215, 256]
[216, 31]
[216, 96]
[216, 117]
[216, 131]
[216, 154]
[216, 163]
[216, 176]
[216, 193]
[216, 255]
[216, 262]
[216, 275]
[217, 31]
[217, 96]
[217, 117]
[217, 132]
[217, 152]
[217, 163]
[217, 242]
[217, 254]
[218, 32]
[218, 96]
[218, 117]
[218, 132]
[218, 152]
[218, 193]
[218, 240]
[218, 253]
[218, 262]
[218, 275]
[219, 32]
[219, 96]
[219, 101]
[219, 102]
[219, 103]
[219, 104]
[219, 105]
[219, 117]
[219, 133]
[219, 151]
[219, 162]
[219, 171]
[219, 185]
[219, 238]
[219, 239]
[219, 253]
[219, 262]
[220, 32]
[220, 100]
[220, 101]
[220, 102]
[220, 104]
[220, 105]
[220, 106]
[220, 134]
[220, 149]
[220, 150]
[220, 162]
[220, 237]
[220, 252]
[220, 262]
[220, 275]
[221, 97]
[221, 116]
[221, 135]
[221, 136]
[221, 148]
[221, 235]
[221, 251]
[221, 262]
[222, 32]
[222, 98]
[222, 115]
[222, 137]
[222, 138]
[222, 140]
[222, 145]
[222, 146]
[222, 161]
[222, 232]
[222, 233]
[222, 250]
[222, 253]
[222, 275]
[223, 31]
[223, 99]
[223, 100]
[223, 113]
[223, 114]
[223, 141]
[223, 142]
[223, 143]
[223, 161]
[223, 227]
[223, 229]
[223, 230]
[223, 249]
[223, 253]
[223, 263]
[224, 30]
[224, 31]
[224, 101]
[224, 102]
[224, 104]
[224, 105]
[224, 107]
[224, 108]
[224, 110]
[224, 111]
[224, 200]
[224, 201]
[224, 202]
[224, 203]
[224, 204]
[224, 205]
[224, 206]
[224, 207]
[224, 208]
[224, 209]
[224, 210]
[224, 211]
[224, 212]
[224, 213]
[224, 214]
[224, 215]
[224, 216]
[224, 217]
[224, 218]
[224, 219]
[224, 220]
[224, 221]
[224, 222]
[224, 223]
[224, 225]
[224, 275]
[225, 29]
[225, 160]
[225, 199]
[225, 246]
[225, 253]
[225, 264]
[226, 28]
[226, 175]
[226, 185]
[226, 186]
[226, 187]
[226, 189]
[226, 244]
[226, 253]
[226, 265]
[226, 275]
[227, 27]
[227, 29]
[227, 159]
[227, 173]
[227, 176]
[227, 177]
[227, 183]
[227, 184]
[227, 190]
[227, 191]
[227, 192]
[227, 200]
[227, 242]
[227, 266]
[228, 26]
[228, 33]
[228, 34]
[228, 168]
[228, 179]
[228, 180]
[228, 181]
[228, 182]
[228, 194]
[228, 195]
[228, 196]
[228, 198]
[228, 200]
[228, 240]
[228, 253]
[228, 267]
[228, 275]
[229, 25]
[229, 32]
[229, 35]
[229, 158]
[229, 160]
[229, 162]
[229, 166]
[229, 169]
[229, 170]
[229, 172]
[229, 199]
[229, 200]
[229, 236]
[229, 237]
[229, 238]
[229, 253]
[229, 268]
[230, 25]
[230, 31]
[230, 35]
[230, 159]
[230, 160]
[230, 162]
[230, 166]
[230, 171]
[230, 172]
[230, 233]
[230, 234]
[230, 235]
[230, 253]
[230, 270]
[230, 275]
[231, 24]
[231, 30]
[231, 157]
[231, 158]
[231, 159]
[231, 163]
[231, 166]
[231, 170]
[231, 173]
[231, 174]
[231, 175]
[231, 177]
[231, 178]
[231, 180]
[231, 181]
[231, 183]
[231, 185]
[231, 186]
[231, 188]
[231, 189]
[231, 191]
[231, 192]
[231, 194]
[231, 196]
[231, 197]
[231, 199]
[231, 201]
[231, 202]
[231, 204]
[231, 206]
[231, 207]
[231, 209]
[231, 211]
[231, 212]
[231, 214]
[231, 216]
[231, 217]
[231, 219]
[231, 221]
[231, 222]
[231, 224]
[231, 225]
[231, 227]
[231, 228]
[231, 229]
[231, 230]
[231, 231]
[231, 272]
[231, 273]
[231, 275]
[232, 23]
[232, 29]
[232, 36]
[232, 157]
[232, 158]
[232, 163]
[232, 164]
[232, 165]
[232, 240]
[232, 253]
[233, 22]
[233, 28]
[233, 37]
[233, 155]
[233, 157]
[233, 164]
[233, 165]
[233, 253]
[234, 21]
[234, 27]
[234, 37]
[234, 154]
[234, 165]
[234, 240]
[235, 21]
[235, 27]
[235, 38]
[235, 154]
[235, 253]
[236, 20]
[236, 26]
[236, 153]
[236, 241]
[236, 253]
[237, 19]
[237, 25]
[237, 39]
[237, 153]
[238, 18]
[238, 24]
[238, 40]
[238, 152]
[238, 242]
[238, 253]
[239, 17]
[239, 40]
[239, 151]
[239, 253]
[240, 17]
[240, 23]
[240, 41]
[240, 151]
[240, 244]
[240, 253]
[241, 16]
[241, 22]
[242, 15]
[242, 21]
[242, 42]
[242, 150]
[242, 246]
[242, 253]
[243, 15]
[243, 21]
[243, 43]
[243, 150]
[243, 248]
[243, 250]
[243, 253]
[244, 14]
[244, 20]
[244, 44]
[244, 150]
[244, 252]
[244, 253]
[245, 13]
[245, 19]
[245, 45]
[245, 150]
[246, 12]
[246, 18]
[247, 12]
[247, 18]
[247, 46]
[247, 149]
[248, 11]
[248, 17]
[248, 47]
[248, 149]
[249, 10]
[249, 16]
[249, 48]
[249, 149]
[250, 10]
[250, 16]
[250, 49]
[250, 149]
[251, 8]
[251, 9]
[251, 15]
[251, 43]
[251, 50]
[251, 148]
[252, 14]
[252, 51]
[252, 148]
[253, 8]
[253, 14]
[253, 52]
[253, 147]
[254, 6]
[254, 7]
[254, 13]
[254, 53]
[254, 147]
[255, 12]
[255, 54]
[255, 147]
[256, 6]
[256, 12]
[256, 55]
[256, 56]
[256, 146]
[257, 4]
[257, 5]
[257, 11]
[257, 53]
[257, 54]
[257, 146]
[258, 10]
[258, 50]
[258, 51]
[258, 145]
[259, 4]
[259, 10]
[259, 46]
[259, 47]
[259, 48]
[259, 49]
[259, 144]
[260, 2]
[260, 3]
[260, 9]
[260, 39]
[260, 41]
[260, 42]
[260, 43]
[260, 44]
[260, 60]
[260, 61]
[260, 63]
[260, 144]
[261, 9]
[261, 29]
[261, 31]
[261, 33]
[261, 34]
[261, 35]
[261, 37]
[261, 57]
[261, 58]
[261, 59]
[261, 64]
[261, 65]
[261, 143]
[262, 2]
[262, 8]
[262, 9]
[262, 10]
[262, 11]
[262, 12]
[262, 13]
[262, 14]
[262, 15]
[262, 16]
[262, 17]
[262, 18]
[262, 20]
[262, 21]
[262, 23]
[262, 24]
[262, 26]
[262, 27]
[262, 55]
[262, 56]
[262, 66]
[262, 67]
[262, 142]
[263, 0]
[263, 2]
[263, 51]
[263, 52]
[263, 53]
[263, 54]
[263, 68]
[263, 69]
[263, 142]
[264, 1]
[264, 45]
[264, 46]
[264, 47]
[264, 48]
[264, 49]
[264, 70]
[264, 141]
[264, 275]
[265, 0]
[265, 37]
[265, 39]
[265, 40]
[265, 41]
[265, 42]
[265, 43]
[265, 44]
[265, 140]
[266, 23]
[266, 25]
[266, 27]
[266, 28]
[266, 29]
[266, 30]
[266, 31]
[266, 32]
[266, 33]
[266, 34]
[266, 35]
[266, 36]
[266, 69]
[266, 70]
[266, 71]
[266, 139]
[267, 0]
[267, 1]
[267, 2]
[267, 3]
[267, 4]
[267, 5]
[267, 6]
[267, 7]
[267, 8]
[267, 9]
[267, 10]
[267, 11]
[267, 12]
[267, 13]
[267, 14]
[267, 15]
[267, 16]
[267, 17]
[267, 18]
[267, 19]
[267, 20]
[267, 21]
[267, 24]
[267, 138]
[268, 69]
[268, 137]
[268, 274]
[269, 67]
[269, 68]
[269, 136]
[270, 69]
[270, 79]
[270, 135]
[271, 71]
[271, 72]
[271, 134]
[271, 273]
[272, 73]
[272, 74]
[272, 132]
[272, 133]
[273, 76]
[273, 77]
[273, 78]
[273, 130]
[273, 131]
[274, 80]
[274, 81]
[274, 82]
[274, 83]
[274, 84]
[274, 87]
[274, 272]
[275, 128]
[275, 129]
[276, 92]
[276, 126]
[276, 127]
[277, 84]
[277, 85]
[277, 110]
[277, 124]
[277, 125]
[277, 271]
[278, 84]
[278, 86]
[278, 87]
[278, 88]
[278, 104]
[278, 105]
[278, 106]
[278, 121]
[278, 122]
[279, 90]
[279, 91]
[279, 92]
[279, 93]
[279, 94]
[279, 96]
[279, 97]
[279, 98]
[279, 99]
[279, 100]
[279, 101]
[279, 102]
[279, 117]
[279, 118]
[279, 119]
[279, 270]
[280, 107]
[280, 108]
[280, 109]
[280, 110]
[280, 111]
[280, 112]
[280, 113]
[280, 114]
[280, 115]
[282, 268]
[284, 261]
[284, 267]
