[59, 93]
[59, 96]
[59, 99]
[59, 102]
[59, 105]
[59, 108]
[59, 111]
[59, 114]
[59, 117]
[59, 120]
[60, 90]
[60, 91]
[60, 92]
[60, 93]
[60, 94]
[60, 95]
[60, 96]
[60, 97]
[60, 98]
[60, 99]
[60, 100]
[60, 101]
[60, 102]
[60, 103]
[60, 104]
[60, 105]
[60, 106]
[60, 107]
[60, 108]
[60, 109]
[60, 110]
[60, 111]
[60, 112]
[60, 113]
[60, 114]
[60, 115]
[60, 116]
[60, 117]
[60, 118]
[60, 119]
[60, 120]
[60, 121]
[60, 122]
[60, 123]
[60, 124]
[60, 125]
[60, 293]
[60, 294]
[60, 295]
[60, 296]
[60, 297]
[60, 298]
[60, 299]
[60, 300]
[60, 301]
[60, 302]
[60, 310]
[60, 311]
[60, 312]
[60, 313]
[60, 314]
[61, 89]
[61, 125]
[61, 285]
[61, 286]
[61, 287]
[61, 288]
[61, 289]
[61, 290]
[61, 291]
[61, 292]
[61, 293]
[61, 302]
[61, 309]
[61, 310]
[61, 314]
[62, 81]
[62, 82]
[62, 89]
[62, 125]
[62, 128]
[62, 129]
[62, 130]
[62, 278]
[62, 279]
[62, 280]
[62, 281]
[62, 282]
[62, 283]
[62, 284]
[62, 285]
[62, 302]
[62, 307]
[62, 308]
[62, 314]
[62, 315]
[63, 80]
[63, 83]
[63, 84]
[63, 85]
[63, 89]
[63, 90]
[63, 124]
[63, 125]
[63, 127]
[63, 131]
[63, 276]
[63, 277]
[63, 278]
[63, 301]
[63, 305]
[63, 306]
[63, 315]
[64, 79]
[64, 85]
[64, 86]
[64, 87]
[64, 91]
[64, 92]
[64, 93]
[64, 123]
[64, 124]
[64, 126]
[64, 127]
[64, 131]
[64, 273]
[64, 274]
[64, 275]
[64, 299]
[64, 300]
[64, 302]
[64, 303]
[64, 304]
[64, 305]
[64, 315]
[65, 79]
[65, 88]
[65, 89]
[65, 90]
[65, 93]
[65, 94]
[65, 95]
[65, 96]
[65, 122]
[65, 123]
[65, 125]
[65, 126]
[65, 132]
[65, 272]
[65, 273]
[65, 297]
[65, 298]
[65, 301]
[65, 302]
[65, 303]
[65, 315]
[65, 316]
[66, 79]
[66, 90]
[66, 91]
[66, 92]
[66, 96]
[66, 97]
[66, 98]
[66, 121]
[66, 122]
[66, 124]
[66, 125]
[66, 132]
[66, 133]
[66, 269]
[66, 270]
[66, 271]
[66, 295]
[66, 296]
[66, 297]
[66, 299]
[66, 300]
[66, 301]
[66, 316]
[67, 74]
[67, 76]
[67, 79]
[67, 93]
[67, 94]
[67, 95]
[67, 99]
[67, 100]
[67, 101]
[67, 121]
[67, 123]
[67, 124]
[67, 133]
[67, 268]
[67, 269]
[67, 293]
[67, 294]
[67, 295]
[67, 298]
[67, 299]
[67, 316]
[68, 73]
[68, 76]
[68, 79]
[68, 95]
[68, 96]
[68, 97]
[68, 98]
[68, 101]
[68, 102]
[68, 103]
[68, 104]
[68, 120]
[68, 122]
[68, 123]
[68, 133]
[68, 134]
[68, 265]
[68, 266]
[68, 267]
[68, 291]
[68, 292]
[68, 293]
[68, 296]
[68, 297]
[68, 316]
[68, 317]
[69, 72]
[69, 73]
[69, 77]
[69, 79]
[69, 98]
[69, 99]
[69, 100]
[69, 104]
[69, 105]
[69, 106]
[69, 119]
[69, 121]
[69, 122]
[69, 134]
[69, 263]
[69, 264]
[69, 265]
[69, 289]
[69, 290]
[69, 291]
[69, 294]
[69, 295]
[69, 317]
[70, 72]
[70, 77]
[70, 79]
[70, 101]
[70, 102]
[70, 103]
[70, 106]
[70, 107]
[70, 108]
[70, 109]
[70, 118]
[70, 120]
[70, 121]
[70, 135]
[70, 261]
[70, 262]
[70, 263]
[70, 288]
[70, 289]
[70, 292]
[70, 293]
[70, 317]
[71, 71]
[71, 72]
[71, 76]
[71, 77]
[71, 79]
[71, 103]
[71, 104]
[71, 105]
[71, 109]
[71, 110]
[71, 111]
[71, 117]
[71, 118]
[71, 120]
[71, 135]
[71, 136]
[71, 259]
[71, 260]
[71, 261]
[71, 286]
[71, 287]
[71, 290]
[71, 291]
[71, 292]
[71, 317]
[71, 318]
[72, 71]
[72, 76]
[72, 78]
[72, 79]
[72, 106]
[72, 107]
[72, 108]
[72, 112]
[72, 113]
[72, 114]
[72, 116]
[72, 117]
[72, 119]
[72, 136]
[72, 257]
[72, 258]
[72, 259]
[72, 284]
[72, 285]
[72, 288]
[72, 289]
[72, 290]
[72, 318]
[73, 70]
[73, 71]
[73, 76]
[73, 78]
[73, 108]
[73, 109]
[73, 114]
[73, 116]
[73, 119]
[73, 136]
[73, 137]
[73, 255]
[73, 256]
[73, 257]
[73, 282]
[73, 283]
[73, 284]
[73, 286]
[73, 287]
[73, 288]
[73, 318]
[74, 70]
[74, 76]
[74, 78]
[74, 109]
[74, 118]
[74, 137]
[74, 253]
[74, 254]
[74, 255]
[74, 280]
[74, 281]
[74, 282]
[74, 285]
[74, 286]
[74, 318]
[74, 319]
[75, 69]
[75, 76]
[75, 78]
[75, 109]
[75, 119]
[75, 137]
[75, 138]
[75, 251]
[75, 252]
[75, 253]
[75, 278]
[75, 279]
[75, 280]
[75, 284]
[75, 319]
[76, 68]
[76, 69]
[76, 76]
[76, 78]
[76, 106]
[76, 107]
[76, 108]
[76, 120]
[76, 121]
[76, 138]
[76, 249]
[76, 250]
[76, 251]
[76, 276]
[76, 277]
[76, 278]
[76, 283]
[76, 319]
[77, 68]
[77, 76]
[77, 78]
[77, 103]
[77, 104]
[77, 105]
[77, 106]
[77, 109]
[77, 110]
[77, 111]
[77, 112]
[77, 113]
[77, 117]
[77, 118]
[77, 119]
[77, 121]
[77, 122]
[77, 139]
[77, 247]
[77, 248]
[77, 249]
[77, 275]
[77, 276]
[77, 279]
[77, 280]
[77, 281]
[77, 284]
[77, 319]
[77, 320]
[78, 67]
[78, 68]
[78, 76]
[78, 78]
[78, 101]
[78, 102]
[78, 103]
[78, 107]
[78, 108]
[78, 109]
[78, 113]
[78, 116]
[78, 119]
[78, 120]
[78, 122]
[78, 123]
[78, 139]
[78, 140]
[78, 245]
[78, 246]
[78, 247]
[78, 273]
[78, 274]
[78, 277]
[78, 278]
[78, 279]
[78, 281]
[78, 282]
[78, 284]
[78, 320]
[79, 67]
[79, 76]
[79, 78]
[79, 98]
[79, 99]
[79, 100]
[79, 104]
[79, 105]
[79, 106]
[79, 113]
[79, 115]
[79, 116]
[79, 120]
[79, 121]
[79, 123]
[79, 124]
[79, 140]
[79, 243]
[79, 244]
[79, 245]
[79, 271]
[79, 272]
[79, 275]
[79, 276]
[79, 277]
[79, 282]
[79, 284]
[79, 320]
[80, 66]
[80, 76]
[80, 78]
[80, 95]
[80, 96]
[80, 97]
[80, 98]
[80, 101]
[80, 102]
[80, 103]
[80, 104]
[80, 113]
[80, 115]
[80, 121]
[80, 122]
[80, 125]
[80, 126]
[80, 140]
[80, 141]
[80, 241]
[80, 242]
[80, 243]
[80, 269]
[80, 270]
[80, 271]
[80, 273]
[80, 274]
[80, 275]
[80, 282]
[80, 284]
[80, 285]
[80, 320]
[80, 321]
[81, 65]
[81, 66]
[81, 75]
[81, 76]
[81, 77]
[81, 78]
[81, 92]
[81, 93]
[81, 94]
[81, 95]
[81, 99]
[81, 100]
[81, 101]
[81, 113]
[81, 115]
[81, 123]
[81, 124]
[81, 126]
[81, 127]
[81, 141]
[81, 239]
[81, 240]
[81, 241]
[81, 267]
[81, 268]
[81, 269]
[81, 272]
[81, 273]
[81, 283]
[81, 285]
[81, 321]
[82, 65]
[82, 75]
[82, 77]
[82, 78]
[82, 90]
[82, 91]
[82, 92]
[82, 96]
[82, 97]
[82, 98]
[82, 113]
[82, 115]
[82, 124]
[82, 125]
[82, 127]
[82, 128]
[82, 141]
[82, 142]
[82, 239]
[82, 265]
[82, 266]
[82, 267]
[82, 270]
[82, 271]
[82, 283]
[82, 285]
[82, 321]
[83, 64]
[83, 65]
[83, 75]
[83, 77]
[83, 87]
[83, 88]
[83, 89]
[83, 93]
[83, 94]
[83, 95]
[83, 112]
[83, 114]
[83, 115]
[83, 125]
[83, 126]
[83, 128]
[83, 129]
[83, 142]
[83, 239]
[83, 263]
[83, 264]
[83, 265]
[83, 268]
[83, 269]
[83, 283]
[83, 284]
[83, 286]
[83, 321]
[83, 322]
[84, 64]
[84, 75]
[84, 77]
[84, 84]
[84, 85]
[84, 86]
[84, 87]
[84, 90]
[84, 91]
[84, 92]
[84, 112]
[84, 114]
[84, 126]
[84, 127]
[84, 130]
[84, 131]
[84, 143]
[84, 239]
[84, 262]
[84, 263]
[84, 266]
[84, 267]
[84, 284]
[84, 286]
[84, 322]
[85, 63]
[85, 64]
[85, 75]
[85, 77]
[85, 78]
[85, 81]
[85, 82]
[85, 83]
[85, 84]
[85, 87]
[85, 88]
[85, 89]
[85, 90]
[85, 112]
[85, 114]
[85, 128]
[85, 129]
[85, 131]
[85, 132]
[85, 143]
[85, 144]
[85, 239]
[85, 240]
[85, 241]
[85, 242]
[85, 243]
[85, 244]
[85, 245]
[85, 246]
[85, 247]
[85, 248]
[85, 249]
[85, 250]
[85, 251]
[85, 252]
[85, 253]
[85, 254]
[85, 255]
[85, 256]
[85, 257]
[85, 258]
[85, 259]
[85, 260]
[85, 261]
[85, 264]
[85, 265]
[85, 266]
[85, 284]
[85, 286]
[85, 322]
[86, 63]
[86, 75]
[86, 78]
[86, 79]
[86, 80]
[86, 81]
[86, 85]
[86, 86]
[86, 87]
[86, 111]
[86, 112]
[86, 114]
[86, 129]
[86, 130]
[86, 132]
[86, 133]
[86, 144]
[86, 263]
[86, 264]
[86, 284]
[86, 285]
[86, 287]
[86, 322]
[86, 323]
[87, 62]
[87, 75]
[87, 82]
[87, 83]
[87, 84]
[87, 111]
[87, 113]
[87, 130]
[87, 131]
[87, 133]
[87, 134]
[87, 135]
[87, 144]
[87, 145]
[87, 233]
[87, 234]
[87, 235]
[87, 236]
[87, 237]
[87, 238]
[87, 239]
[87, 240]
[87, 241]
[87, 242]
[87, 243]
[87, 244]
[87, 245]
[87, 246]
[87, 247]
[87, 248]
[87, 249]
[87, 250]
[87, 251]
[87, 252]
[87, 253]
[87, 254]
[87, 255]
[87, 256]
[87, 257]
[87, 258]
[87, 259]
[87, 260]
[87, 263]
[87, 285]
[87, 287]
[87, 323]
[88, 61]
[88, 62]
[88, 74]
[88, 75]
[88, 79]
[88, 80]
[88, 81]
[88, 111]
[88, 113]
[88, 132]
[88, 135]
[88, 136]
[88, 145]
[88, 232]
[88, 260]
[88, 261]
[88, 263]
[88, 285]
[88, 287]
[88, 323]
[89, 61]
[89, 73]
[89, 74]
[89, 78]
[89, 79]
[89, 111]
[89, 113]
[89, 133]
[89, 134]
[89, 136]
[89, 137]
[89, 145]
[89, 146]
[89, 232]
[89, 261]
[89, 263]
[89, 285]
[89, 286]
[89, 288]
[89, 323]
[89, 324]
[90, 60]
[90, 61]
[90, 71]
[90, 72]
[90, 78]
[90, 110]
[90, 111]
[90, 112]
[90, 113]
[90, 134]
[90, 135]
[90, 137]
[90, 138]
[90, 146]
[90, 232]
[90, 261]
[90, 263]
[90, 264]
[90, 286]
[90, 288]
[90, 324]
[91, 60]
[91, 70]
[91, 71]
[91, 73]
[91, 74]
[91, 75]
[91, 76]
[91, 78]
[91, 110]
[91, 112]
[91, 135]
[91, 136]
[91, 138]
[91, 139]
[91, 140]
[91, 147]
[91, 232]
[91, 233]
[91, 262]
[91, 264]
[91, 286]
[91, 288]
[91, 289]
[91, 324]
[92, 59]
[92, 60]
[92, 68]
[92, 69]
[92, 72]
[92, 73]
[92, 76]
[92, 77]
[92, 79]
[92, 110]
[92, 112]
[92, 137]
[92, 140]
[92, 141]
[92, 147]
[92, 148]
[92, 233]
[92, 262]
[92, 264]
[92, 287]
[92, 289]
[92, 324]
[92, 325]
[93, 59]
[93, 67]
[93, 68]
[93, 70]
[93, 71]
[93, 72]
[93, 77]
[93, 79]
[93, 109]
[93, 110]
[93, 112]
[93, 138]
[93, 139]
[93, 141]
[93, 142]
[93, 148]
[93, 233]
[93, 234]
[93, 262]
[93, 263]
[93, 265]
[93, 287]
[93, 289]
[93, 325]
[94, 58]
[94, 65]
[94, 66]
[94, 67]
[94, 69]
[94, 70]
[94, 77]
[94, 78]
[94, 80]
[94, 109]
[94, 111]
[94, 112]
[94, 139]
[94, 140]
[94, 142]
[94, 143]
[94, 148]
[94, 234]
[94, 263]
[94, 265]
[94, 287]
[94, 288]
[94, 289]
[94, 290]
[94, 325]
[95, 57]
[95, 58]
[95, 64]
[95, 65]
[95, 68]
[95, 69]
[95, 78]
[95, 80]
[95, 109]
[95, 111]
[95, 140]
[95, 141]
[95, 143]
[95, 144]
[95, 148]
[95, 234]
[95, 263]
[95, 264]
[95, 266]
[95, 288]
[95, 290]
[95, 325]
[95, 326]
[96, 62]
[96, 63]
[96, 64]
[96, 66]
[96, 67]
[96, 78]
[96, 79]
[96, 81]
[96, 109]
[96, 111]
[96, 142]
[96, 145]
[96, 146]
[96, 147]
[96, 148]
[96, 235]
[96, 264]
[96, 266]
[96, 288]
[96, 290]
[96, 326]
[97, 57]
[97, 58]
[97, 61]
[97, 62]
[97, 65]
[97, 66]
[97, 79]
[97, 81]
[97, 108]
[97, 109]
[97, 111]
[97, 143]
[97, 144]
[97, 235]
[97, 264]
[97, 266]
[97, 267]
[97, 288]
[97, 289]
[97, 291]
[97, 326]
[98, 58]
[98, 59]
[98, 60]
[98, 61]
[98, 63]
[98, 64]
[98, 79]
[98, 80]
[98, 82]
[98, 108]
[98, 110]
[98, 144]
[98, 145]
[98, 235]
[98, 236]
[98, 264]
[98, 265]
[98, 267]
[98, 289]
[98, 291]
[98, 326]
[98, 327]
[99, 62]
[99, 63]
[99, 80]
[99, 82]
[99, 108]
[99, 110]
[99, 145]
[99, 146]
[99, 147]
[99, 236]
[99, 265]
[99, 267]
[99, 289]
[99, 291]
[99, 327]
[100, 60]
[100, 61]
[100, 80]
[100, 81]
[100, 83]
[100, 108]
[100, 110]
[100, 147]
[100, 236]
[100, 237]
[100, 265]
[100, 266]
[100, 268]
[100, 289]
[100, 290]
[100, 292]
[100, 327]
[101, 59]
[101, 60]
[101, 81]
[101, 83]
[101, 107]
[101, 109]
[101, 110]
[101, 148]
[101, 149]
[101, 237]
[101, 266]
[101, 268]
[101, 290]
[101, 292]
[101, 327]
[101, 328]
[102, 57]
[102, 58]
[102, 81]
[102, 82]
[102, 84]
[102, 107]
[102, 109]
[102, 149]
[102, 150]
[102, 237]
[102, 238]
[102, 266]
[102, 268]
[102, 269]
[102, 290]
[102, 292]
[102, 328]
[103, 57]
[103, 82]
[103, 84]
[103, 107]
[103, 109]
[103, 150]
[103, 238]
[103, 266]
[103, 267]
[103, 269]
[103, 290]
[103, 291]
[103, 293]
[103, 328]
[104, 57]
[104, 82]
[104, 83]
[104, 84]
[104, 85]
[104, 106]
[104, 107]
[104, 109]
[104, 150]
[104, 238]
[104, 267]
[104, 269]
[104, 291]
[104, 293]
[104, 328]
[104, 329]
[105, 57]
[105, 58]
[105, 83]
[105, 85]
[105, 106]
[105, 108]
[105, 149]
[105, 150]
[105, 239]
[105, 267]
[105, 268]
[105, 270]
[105, 291]
[105, 293]
[105, 294]
[105, 329]
[106, 58]
[106, 59]
[106, 83]
[106, 85]
[106, 86]
[106, 106]
[106, 108]
[106, 147]
[106, 148]
[106, 239]
[106, 268]
[106, 270]
[106, 291]
[106, 292]
[106, 294]
[106, 329]
[107, 60]
[107, 61]
[107, 84]
[107, 86]
[107, 106]
[107, 108]
[107, 145]
[107, 146]
[107, 147]
[107, 239]
[107, 240]
[107, 268]
[107, 270]
[107, 271]
[107, 292]
[107, 294]
[107, 329]
[107, 330]
[108, 61]
[108, 62]
[108, 84]
[108, 86]
[108, 87]
[108, 105]
[108, 107]
[108, 108]
[108, 143]
[108, 144]
[108, 145]
[108, 240]
[108, 268]
[108, 269]
[108, 271]
[108, 292]
[108, 294]
[108, 295]
[108, 330]
[109, 62]
[109, 63]
[109, 64]
[109, 85]
[109, 87]
[109, 105]
[109, 107]
[109, 142]
[109, 143]
[109, 146]
[109, 147]
[109, 148]
[109, 149]
[109, 240]
[109, 241]
[109, 269]
[109, 271]
[109, 293]
[109, 295]
[109, 330]
[110, 58]
[110, 59]
[110, 60]
[110, 61]
[110, 64]
[110, 65]
[110, 85]
[110, 87]
[110, 88]
[110, 105]
[110, 107]
[110, 140]
[110, 141]
[110, 144]
[110, 145]
[110, 149]
[110, 241]
[110, 269]
[110, 270]
[110, 272]
[110, 293]
[110, 295]
[110, 296]
[110, 330]
[110, 331]
[111, 58]
[111, 62]
[111, 63]
[111, 65]
[111, 66]
[111, 86]
[111, 88]
[111, 104]
[111, 105]
[111, 107]
[111, 138]
[111, 139]
[111, 140]
[111, 142]
[111, 143]
[111, 144]
[111, 150]
[111, 241]
[111, 242]
[111, 270]
[111, 272]
[111, 293]
[111, 297]
[111, 298]
[111, 299]
[111, 300]
[111, 301]
[111, 302]
[111, 303]
[111, 304]
[111, 305]
[111, 331]
[112, 58]
[112, 63]
[112, 64]
[112, 67]
[112, 68]
[112, 86]
[112, 87]
[112, 88]
[112, 89]
[112, 104]
[112, 106]
[112, 136]
[112, 137]
[112, 138]
[112, 141]
[112, 142]
[112, 149]
[112, 242]
[112, 270]
[112, 272]
[112, 273]
[112, 291]
[112, 292]
[112, 295]
[112, 305]
[112, 306]
[112, 307]
[112, 308]
[112, 309]
[112, 310]
[112, 311]
[112, 312]
[112, 313]
[112, 314]
[112, 331]
[113, 58]
[113, 65]
[113, 66]
[113, 68]
[113, 69]
[113, 87]
[113, 89]
[113, 104]
[113, 106]
[113, 135]
[113, 136]
[113, 139]
[113, 140]
[113, 148]
[113, 149]
[113, 242]
[113, 271]
[113, 273]
[113, 289]
[113, 290]
[113, 291]
[113, 293]
[113, 294]
[113, 295]
[113, 296]
[113, 297]
[113, 298]
[113, 299]
[113, 300]
[113, 301]
[113, 302]
[113, 303]
[113, 304]
[113, 314]
[113, 315]
[113, 316]
[113, 317]
[113, 318]
[113, 319]
[113, 320]
[113, 321]
[113, 322]
[113, 323]
[113, 331]
[114, 59]
[114, 66]
[114, 67]
[114, 69]
[114, 70]
[114, 71]
[114, 87]
[114, 89]
[114, 90]
[114, 104]
[114, 106]
[114, 133]
[114, 134]
[114, 137]
[114, 138]
[114, 148]
[114, 243]
[114, 271]
[114, 273]
[114, 288]
[114, 289]
[114, 292]
[114, 293]
[114, 304]
[114, 305]
[114, 306]
[114, 307]
[114, 308]
[114, 309]
[114, 310]
[114, 311]
[114, 312]
[114, 313]
[114, 322]
[114, 324]
[114, 325]
[114, 326]
[114, 327]
[114, 328]
[114, 329]
[114, 330]
[114, 331]
[115, 59]
[115, 60]
[115, 67]
[115, 68]
[115, 71]
[115, 72]
[115, 87]
[115, 88]
[115, 90]
[115, 103]
[115, 105]
[115, 106]
[115, 131]
[115, 132]
[115, 133]
[115, 135]
[115, 136]
[115, 137]
[115, 147]
[115, 148]
[115, 243]
[115, 271]
[115, 272]
[115, 274]
[115, 286]
[115, 287]
[115, 288]
[115, 290]
[115, 291]
[115, 313]
[115, 314]
[115, 315]
[115, 316]
[115, 317]
[115, 318]
[115, 319]
[115, 320]
[115, 321]
[115, 322]
[116, 60]
[116, 69]
[116, 70]
[116, 72]
[116, 73]
[116, 74]
[116, 88]
[116, 90]
[116, 91]
[116, 103]
[116, 105]
[116, 130]
[116, 131]
[116, 134]
[116, 135]
[116, 147]
[116, 243]
[116, 244]
[116, 272]
[116, 274]
[116, 285]
[116, 286]
[116, 289]
[116, 290]
[116, 322]
[116, 323]
[116, 324]
[116, 325]
[116, 326]
[116, 327]
[116, 328]
[117, 60]
[117, 61]
[117, 70]
[117, 71]
[117, 74]
[117, 75]
[117, 88]
[117, 89]
[117, 91]
[117, 103]
[117, 105]
[117, 128]
[117, 129]
[117, 132]
[117, 133]
[117, 146]
[117, 244]
[117, 272]
[117, 273]
[117, 274]
[117, 275]
[117, 283]
[117, 284]
[117, 287]
[117, 288]
[117, 328]
[118, 61]
[118, 72]
[118, 73]
[118, 75]
[118, 76]
[118, 89]
[118, 91]
[118, 92]
[118, 102]
[118, 103]
[118, 105]
[118, 126]
[118, 127]
[118, 130]
[118, 131]
[118, 132]
[118, 145]
[118, 146]
[118, 244]
[118, 245]
[118, 273]
[118, 275]
[118, 281]
[118, 282]
[118, 283]
[118, 285]
[118, 286]
[118, 287]
[119, 61]
[119, 62]
[119, 73]
[119, 74]
[119, 77]
[119, 78]
[119, 89]
[119, 90]
[119, 92]
[119, 102]
[119, 104]
[119, 124]
[119, 125]
[119, 126]
[119, 128]
[119, 129]
[119, 130]
[119, 145]
[119, 245]
[119, 273]
[119, 275]
[119, 280]
[119, 281]
[119, 284]
[119, 285]
[119, 328]
[120, 62]
[120, 75]
[120, 76]
[120, 78]
[120, 79]
[120, 90]
[120, 92]
[120, 93]
[120, 102]
[120, 104]
[120, 123]
[120, 124]
[120, 127]
[120, 128]
[120, 144]
[120, 145]
[120, 245]
[120, 246]
[120, 273]
[120, 274]
[120, 276]
[120, 278]
[120, 279]
[120, 280]
[120, 282]
[120, 283]
[120, 327]
[120, 328]
[121, 63]
[121, 76]
[121, 77]
[121, 79]
[121, 80]
[121, 81]
[121, 90]
[121, 91]
[121, 93]
[121, 102]
[121, 104]
[121, 121]
[121, 122]
[121, 125]
[121, 126]
[121, 144]
[121, 246]
[121, 274]
[121, 277]
[121, 281]
[121, 282]
[121, 325]
[121, 326]
[122, 63]
[122, 64]
[122, 77]
[122, 78]
[122, 81]
[122, 82]
[122, 91]
[122, 93]
[122, 94]
[122, 101]
[122, 102]
[122, 103]
[122, 104]
[122, 119]
[122, 120]
[122, 121]
[122, 123]
[122, 124]
[122, 125]
[122, 143]
[122, 144]
[122, 246]
[122, 274]
[122, 278]
[122, 279]
[122, 280]
[122, 324]
[122, 325]
[123, 64]
[123, 79]
[123, 80]
[123, 82]
[123, 83]
[123, 91]
[123, 92]
[123, 94]
[123, 101]
[123, 103]
[123, 117]
[123, 118]
[123, 119]
[123, 122]
[123, 123]
[123, 143]
[123, 246]
[123, 247]
[123, 275]
[123, 278]
[123, 322]
[123, 323]
[123, 324]
[124, 64]
[124, 65]
[124, 80]
[124, 81]
[124, 84]
[124, 85]
[124, 92]
[124, 94]
[124, 101]
[124, 103]
[124, 116]
[124, 117]
[124, 120]
[124, 121]
[124, 142]
[124, 247]
[124, 275]
[124, 278]
[124, 321]
[124, 322]
[125, 65]
[125, 82]
[125, 83]
[125, 85]
[125, 86]
[125, 92]
[125, 93]
[125, 95]
[125, 100]
[125, 101]
[125, 103]
[125, 114]
[125, 115]
[125, 118]
[125, 119]
[125, 141]
[125, 142]
[125, 247]
[125, 248]
[125, 275]
[125, 276]
[125, 278]
[125, 320]
[125, 321]
[126, 66]
[126, 83]
[126, 84]
[126, 86]
[126, 87]
[126, 88]
[126, 93]
[126, 95]
[126, 100]
[126, 102]
[126, 103]
[126, 112]
[126, 113]
[126, 114]
[126, 116]
[126, 117]
[126, 118]
[126, 141]
[126, 248]
[126, 276]
[126, 278]
[126, 318]
[126, 319]
[127, 66]
[127, 67]
[127, 85]
[127, 88]
[127, 89]
[127, 93]
[127, 96]
[127, 100]
[127, 102]
[127, 110]
[127, 111]
[127, 112]
[127, 115]
[127, 116]
[127, 140]
[127, 141]
[127, 248]
[127, 249]
[127, 276]
[127, 278]
[127, 279]
[127, 317]
[127, 318]
[128, 67]
[128, 86]
[128, 87]
[128, 89]
[128, 90]
[128, 91]
[128, 92]
[128, 96]
[128, 99]
[128, 100]
[128, 102]
[128, 109]
[128, 110]
[128, 113]
[128, 114]
[128, 140]
[128, 249]
[128, 277]
[128, 279]
[128, 315]
[128, 316]
[128, 317]
[129, 67]
[129, 68]
[129, 87]
[129, 88]
[129, 97]
[129, 98]
[129, 99]
[129, 102]
[129, 107]
[129, 108]
[129, 111]
[129, 112]
[129, 139]
[129, 140]
[129, 249]
[129, 277]
[129, 279]
[129, 314]
[129, 315]
[130, 68]
[130, 89]
[130, 90]
[130, 102]
[130, 105]
[130, 106]
[130, 107]
[130, 109]
[130, 110]
[130, 111]
[130, 139]
[130, 250]
[130, 277]
[130, 278]
[130, 280]
[130, 313]
[130, 314]
[131, 68]
[131, 69]
[131, 90]
[131, 91]
[131, 102]
[131, 103]
[131, 104]
[131, 105]
[131, 108]
[131, 109]
[131, 138]
[131, 250]
[131, 278]
[131, 280]
[131, 311]
[131, 312]
[132, 69]
[132, 92]
[132, 93]
[132, 106]
[132, 107]
[132, 137]
[132, 138]
[132, 250]
[132, 251]
[132, 278]
[132, 279]
[132, 281]
[132, 310]
[132, 311]
[133, 70]
[133, 93]
[133, 94]
[133, 104]
[133, 105]
[133, 137]
[133, 251]
[133, 279]
[133, 281]
[133, 308]
[133, 309]
[133, 310]
[134, 70]
[134, 71]
[134, 95]
[134, 104]
[134, 136]
[134, 137]
[134, 251]
[134, 252]
[134, 279]
[134, 281]
[134, 307]
[134, 308]
[135, 71]
[135, 95]
[135, 104]
[135, 136]
[135, 252]
[135, 279]
[135, 280]
[135, 282]
[135, 306]
[135, 307]
[136, 71]
[136, 72]
[136, 95]
[136, 104]
[136, 135]
[136, 252]
[136, 253]
[136, 280]
[136, 282]
[136, 304]
[136, 305]
[137, 72]
[137, 93]
[137, 94]
[137, 97]
[137, 98]
[137, 99]
[137, 100]
[137, 101]
[137, 105]
[137, 106]
[137, 107]
[137, 135]
[137, 253]
[137, 280]
[137, 281]
[137, 283]
[137, 303]
[137, 304]
[138, 72]
[138, 73]
[138, 91]
[138, 92]
[138, 93]
[138, 95]
[138, 96]
[138, 97]
[138, 102]
[138, 103]
[138, 104]
[138, 107]
[138, 108]
[138, 109]
[138, 134]
[138, 253]
[138, 254]
[138, 255]
[138, 281]
[138, 283]
[138, 301]
[138, 302]
[138, 303]
[139, 73]
[139, 90]
[139, 91]
[139, 94]
[139, 95]
[139, 104]
[139, 105]
[139, 106]
[139, 109]
[139, 110]
[139, 111]
[139, 112]
[139, 133]
[139, 134]
[139, 255]
[139, 256]
[139, 257]
[139, 258]
[139, 281]
[139, 283]
[139, 284]
[139, 300]
[139, 301]
[140, 74]
[140, 88]
[140, 89]
[140, 92]
[140, 93]
[140, 107]
[140, 108]
[140, 112]
[140, 113]
[140, 114]
[140, 133]
[140, 258]
[140, 259]
[140, 260]
[140, 261]
[140, 281]
[140, 282]
[140, 284]
[140, 299]
[140, 300]
[141, 74]
[141, 75]
[141, 86]
[141, 87]
[141, 88]
[141, 90]
[141, 91]
[141, 92]
[141, 109]
[141, 110]
[141, 111]
[141, 114]
[141, 115]
[141, 116]
[141, 117]
[141, 132]
[141, 133]
[141, 261]
[141, 262]
[141, 263]
[141, 264]
[141, 282]
[141, 284]
[141, 297]
[141, 298]
[142, 75]
[142, 85]
[142, 86]
[142, 89]
[142, 90]
[142, 112]
[142, 113]
[142, 117]
[142, 118]
[142, 119]
[142, 132]
[142, 264]
[142, 265]
[142, 266]
[142, 267]
[142, 282]
[142, 283]
[142, 285]
[142, 296]
[142, 297]
[143, 75]
[143, 76]
[143, 83]
[143, 84]
[143, 87]
[143, 88]
[143, 114]
[143, 115]
[143, 116]
[143, 119]
[143, 120]
[143, 121]
[143, 122]
[143, 131]
[143, 267]
[143, 268]
[143, 269]
[143, 270]
[143, 283]
[143, 285]
[143, 294]
[143, 295]
[143, 296]
[144, 76]
[144, 81]
[144, 82]
[144, 83]
[144, 86]
[144, 117]
[144, 122]
[144, 123]
[144, 124]
[144, 130]
[144, 131]
[144, 270]
[144, 271]
[144, 272]
[144, 273]
[144, 283]
[144, 285]
[144, 286]
[144, 293]
[144, 294]
[145, 76]
[145, 77]
[145, 80]
[145, 81]
[145, 86]
[145, 118]
[145, 124]
[145, 125]
[145, 126]
[145, 127]
[145, 130]
[145, 273]
[145, 274]
[145, 275]
[145, 276]
[145, 284]
[145, 286]
[145, 292]
[145, 293]
[146, 78]
[146, 79]
[146, 86]
[146, 118]
[146, 127]
[146, 128]
[146, 129]
[146, 276]
[146, 277]
[146, 278]
[146, 283]
[146, 286]
[146, 290]
[146, 291]
[147, 86]
[147, 87]
[147, 88]
[147, 89]
[147, 90]
[147, 91]
[147, 92]
[147, 93]
[147, 94]
[147, 95]
[147, 96]
[147, 97]
[147, 98]
[147, 99]
[147, 100]
[147, 101]
[147, 102]
[147, 103]
[147, 104]
[147, 105]
[147, 106]
[147, 107]
[147, 108]
[147, 109]
[147, 110]
[147, 111]
[147, 112]
[147, 113]
[147, 114]
[147, 115]
[147, 116]
[147, 117]
[147, 279]
[147, 280]
[147, 281]
[147, 282]
[147, 283]
[147, 286]
[147, 287]
[147, 288]
[147, 289]
[147, 290]
[148, 92]
[148, 98]
[148, 104]
[148, 110]
[234, 269]
[234, 270]
[235, 99]
[235, 100]
[235, 101]
[235, 105]
[235, 106]
[235, 107]
[235, 268]
[235, 271]
[235, 272]
[235, 276]
[235, 277]
[235, 278]
[236, 98]
[236, 99]
[236, 102]
[236, 105]
[236, 108]
[236, 109]
[236, 110]
[236, 267]
[236, 268]
[236, 272]
[236, 275]
[236, 278]
[236, 279]
[237, 95]
[237, 96]
[237, 97]
[237, 102]
[237, 104]
[237, 105]
[237, 110]
[237, 111]
[237, 267]
[237, 272]
[237, 275]
[237, 280]
[237, 281]
[238, 94]
[238, 95]
[238, 102]
[238, 103]
[238, 104]
[238, 105]
[238, 112]
[238, 113]
[238, 114]
[238, 266]
[238, 267]
[238, 273]
[238, 275]
[238, 281]
[238, 282]
[239, 91]
[239, 92]
[239, 93]
[239, 102]
[239, 104]
[239, 105]
[239, 114]
[239, 115]
[239, 265]
[239, 266]
[239, 273]
[239, 275]
[239, 276]
[239, 283]
[239, 284]
[240, 89]
[240, 90]
[240, 91]
[240, 102]
[240, 103]
[240, 105]
[240, 116]
[240, 117]
[240, 118]
[240, 265]
[240, 273]
[240, 274]
[240, 276]
[240, 284]
[240, 285]
[241, 87]
[241, 88]
[241, 89]
[241, 102]
[241, 103]
[241, 104]
[241, 105]
[241, 118]
[241, 119]
[241, 120]
[241, 264]
[241, 265]
[241, 274]
[241, 276]
[241, 286]
[241, 287]
[242, 85]
[242, 86]
[242, 87]
[242, 102]
[242, 104]
[242, 105]
[242, 120]
[242, 121]
[242, 122]
[242, 264]
[242, 274]
[242, 275]
[242, 277]
[242, 287]
[242, 288]
[243, 83]
[243, 84]
[243, 85]
[243, 102]
[243, 103]
[243, 105]
[243, 122]
[243, 123]
[243, 124]
[243, 263]
[243, 264]
[243, 275]
[243, 277]
[243, 289]
[243, 290]
[244, 81]
[244, 82]
[244, 83]
[244, 102]
[244, 103]
[244, 104]
[244, 105]
[244, 124]
[244, 125]
[244, 126]
[244, 262]
[244, 263]
[244, 275]
[244, 276]
[244, 278]
[244, 290]
[244, 291]
[244, 292]
[245, 79]
[245, 80]
[245, 81]
[245, 102]
[245, 104]
[245, 105]
[245, 126]
[245, 127]
[245, 128]
[245, 262]
[245, 276]
[245, 278]
[245, 292]
[245, 293]
[246, 77]
[246, 78]
[246, 79]
[246, 102]
[246, 103]
[246, 105]
[246, 128]
[246, 129]
[246, 130]
[246, 261]
[246, 262]
[246, 276]
[246, 277]
[246, 278]
[246, 279]
[246, 293]
[246, 294]
[246, 295]
[247, 76]
[247, 77]
[247, 102]
[247, 103]
[247, 104]
[247, 105]
[247, 130]
[247, 131]
[247, 132]
[247, 261]
[247, 277]
[247, 279]
[247, 295]
[247, 296]
[248, 74]
[248, 75]
[248, 102]
[248, 104]
[248, 105]
[248, 132]
[248, 260]
[248, 261]
[248, 277]
[248, 279]
[248, 280]
[248, 296]
[248, 297]
[248, 298]
[249, 74]
[249, 102]
[249, 103]
[249, 105]
[249, 133]
[249, 259]
[249, 260]
[249, 278]
[249, 280]
[249, 298]
[249, 299]
[250, 73]
[250, 74]
[250, 102]
[250, 103]
[250, 104]
[250, 105]
[250, 133]
[250, 134]
[250, 259]
[250, 278]
[250, 280]
[250, 299]
[250, 300]
[250, 301]
[251, 73]
[251, 102]
[251, 104]
[251, 105]
[251, 134]
[251, 258]
[251, 259]
[251, 278]
[251, 279]
[251, 281]
[251, 301]
[251, 302]
[252, 72]
[252, 73]
[252, 102]
[252, 103]
[252, 105]
[252, 134]
[252, 135]
[252, 258]
[252, 279]
[252, 281]
[252, 302]
[252, 303]
[252, 304]
[253, 72]
[253, 102]
[253, 103]
[253, 104]
[253, 105]
[253, 135]
[253, 257]
[253, 258]
[253, 279]
[253, 280]
[253, 282]
[253, 304]
[253, 305]
[254, 71]
[254, 72]
[254, 102]
[254, 104]
[254, 105]
[254, 135]
[254, 136]
[254, 256]
[254, 257]
[254, 280]
[254, 282]
[254, 305]
[254, 306]
[254, 307]
[255, 71]
[255, 102]
[255, 103]
[255, 105]
[255, 136]
[255, 256]
[255, 280]
[255, 281]
[255, 283]
[255, 307]
[255, 308]
[256, 70]
[256, 71]
[256, 102]
[256, 104]
[256, 105]
[256, 136]
[256, 137]
[256, 255]
[256, 256]
[256, 281]
[256, 283]
[256, 309]
[256, 310]
[257, 70]
[257, 102]
[257, 105]
[257, 137]
[257, 255]
[257, 281]
[257, 283]
[257, 284]
[257, 310]
[257, 311]
[258, 69]
[258, 70]
[258, 101]
[258, 102]
[258, 105]
[258, 106]
[258, 137]
[258, 138]
[258, 254]
[258, 255]
[258, 282]
[258, 284]
[258, 312]
[258, 313]
[259, 69]
[259, 100]
[259, 103]
[259, 106]
[259, 107]
[259, 138]
[259, 253]
[259, 254]
[259, 282]
[259, 284]
[259, 285]
[259, 313]
[259, 314]
[260, 68]
[260, 69]
[260, 99]
[260, 100]
[260, 101]
[260, 102]
[260, 105]
[260, 107]
[260, 108]
[260, 138]
[260, 139]
[260, 253]
[260, 282]
[260, 283]
[260, 285]
[260, 315]
[260, 316]
[261, 68]
[261, 98]
[261, 101]
[261, 106]
[261, 108]
[261, 109]
[261, 139]
[261, 252]
[261, 253]
[261, 283]
[261, 285]
[261, 316]
[261, 317]
[262, 67]
[262, 68]
[262, 97]
[262, 98]
[262, 99]
[262, 100]
[262, 107]
[262, 109]
[262, 110]
[262, 139]
[262, 140]
[262, 252]
[262, 283]
[262, 284]
[262, 286]
[262, 318]
[262, 319]
[263, 67]
[263, 96]
[263, 99]
[263, 108]
[263, 110]
[263, 111]
[263, 140]
[263, 251]
[263, 252]
[263, 284]
[263, 286]
[263, 319]
[263, 320]
[263, 321]
[264, 66]
[264, 67]
[264, 95]
[264, 96]
[264, 97]
[264, 98]
[264, 109]
[264, 111]
[264, 112]
[264, 140]
[264, 141]
[264, 250]
[264, 251]
[264, 284]
[264, 285]
[264, 287]
[264, 321]
[264, 322]
[265, 66]
[265, 94]
[265, 97]
[265, 110]
[265, 112]
[265, 113]
[265, 141]
[265, 250]
[265, 285]
[265, 287]
[265, 322]
[265, 323]
[265, 324]
[266, 65]
[266, 66]
[266, 93]
[266, 94]
[266, 95]
[266, 96]
[266, 111]
[266, 113]
[266, 114]
[266, 141]
[266, 142]
[266, 249]
[266, 250]
[266, 285]
[266, 286]
[266, 287]
[266, 288]
[266, 324]
[266, 325]
[267, 65]
[267, 92]
[267, 95]
[267, 112]
[267, 114]
[267, 115]
[267, 142]
[267, 249]
[267, 286]
[267, 288]
[267, 325]
[267, 326]
[267, 327]
[268, 64]
[268, 65]
[268, 91]
[268, 92]
[268, 93]
[268, 94]
[268, 113]
[268, 115]
[268, 116]
[268, 142]
[268, 143]
[268, 248]
[268, 249]
[268, 286]
[268, 288]
[268, 289]
[268, 327]
[268, 328]
[269, 64]
[269, 90]
[269, 93]
[269, 114]
[269, 116]
[269, 117]
[269, 143]
[269, 247]
[269, 248]
[269, 287]
[269, 289]
[269, 328]
[269, 329]
[270, 63]
[270, 64]
[270, 89]
[270, 90]
[270, 91]
[270, 92]
[270, 115]
[270, 117]
[270, 118]
[270, 143]
[270, 144]
[270, 247]
[270, 287]
[270, 289]
[270, 290]
[270, 330]
[271, 63]
[271, 88]
[271, 91]
[271, 116]
[271, 118]
[271, 119]
[271, 144]
[271, 246]
[271, 247]
[271, 287]
[271, 288]
[271, 290]
[271, 330]
[272, 62]
[272, 63]
[272, 87]
[272, 88]
[272, 89]
[272, 90]
[272, 117]
[272, 119]
[272, 120]
[272, 144]
[272, 145]
[272, 246]
[272, 288]
[272, 290]
[272, 329]
[272, 330]
[273, 62]
[273, 86]
[273, 89]
[273, 118]
[273, 120]
[273, 121]
[273, 145]
[273, 245]
[273, 246]
[273, 288]
[273, 289]
[273, 291]
[273, 327]
[273, 328]
[273, 329]
[274, 61]
[274, 62]
[274, 85]
[274, 86]
[274, 87]
[274, 88]
[274, 119]
[274, 121]
[274, 122]
[274, 145]
[274, 146]
[274, 244]
[274, 245]
[274, 289]
[274, 291]
[274, 325]
[274, 326]
[274, 327]
[275, 61]
[275, 84]
[275, 87]
[275, 120]
[275, 122]
[275, 123]
[275, 146]
[275, 244]
[275, 289]
[275, 290]
[275, 292]
[275, 323]
[275, 324]
[275, 325]
[276, 60]
[276, 83]
[276, 84]
[276, 85]
[276, 86]
[276, 121]
[276, 123]
[276, 124]
[276, 146]
[276, 147]
[276, 243]
[276, 244]
[276, 290]
[276, 292]
[276, 321]
[276, 322]
[276, 323]
[276, 326]
[276, 327]
[276, 328]
[277, 60]
[277, 82]
[277, 85]
[277, 122]
[277, 124]
[277, 125]
[277, 147]
[277, 243]
[277, 290]
[277, 291]
[277, 292]
[277, 293]
[277, 319]
[277, 320]
[277, 321]
[277, 324]
[277, 325]
[277, 329]
[278, 59]
[278, 81]
[278, 82]
[278, 83]
[278, 84]
[278, 123]
[278, 125]
[278, 126]
[278, 148]
[278, 242]
[278, 243]
[278, 291]
[278, 293]
[278, 317]
[278, 318]
[278, 319]
[278, 322]
[278, 323]
[278, 329]
[279, 59]
[279, 80]
[279, 83]
[279, 124]
[279, 126]
[279, 127]
[279, 148]
[279, 241]
[279, 242]
[279, 291]
[279, 293]
[279, 294]
[279, 315]
[279, 316]
[279, 317]
[279, 320]
[279, 321]
[279, 329]
[280, 58]
[280, 79]
[280, 80]
[280, 81]
[280, 82]
[280, 125]
[280, 127]
[280, 128]
[280, 149]
[280, 241]
[280, 291]
[280, 292]
[280, 294]
[280, 313]
[280, 314]
[280, 318]
[280, 319]
[280, 328]
[281, 58]
[281, 78]
[281, 81]
[281, 126]
[281, 128]
[281, 129]
[281, 149]
[281, 240]
[281, 241]
[281, 292]
[281, 294]
[281, 311]
[281, 312]
[281, 313]
[281, 315]
[281, 316]
[281, 317]
[281, 327]
[281, 328]
[282, 59]
[282, 60]
[282, 61]
[282, 62]
[282, 63]
[282, 64]
[282, 65]
[282, 66]
[282, 67]
[282, 68]
[282, 69]
[282, 70]
[282, 71]
[282, 72]
[282, 73]
[282, 74]
[282, 75]
[282, 76]
[282, 77]
[282, 78]
[282, 80]
[282, 127]
[282, 130]
[282, 131]
[282, 132]
[282, 133]
[282, 134]
[282, 135]
[282, 136]
[282, 137]
[282, 138]
[282, 139]
[282, 140]
[282, 141]
[282, 142]
[282, 143]
[282, 144]
[282, 145]
[282, 146]
[282, 147]
[282, 148]
[282, 240]
[282, 292]
[282, 293]
[282, 295]
[282, 309]
[282, 310]
[282, 313]
[282, 314]
[282, 315]
[282, 327]
[283, 61]
[283, 62]
[283, 64]
[283, 65]
[283, 67]
[283, 68]
[283, 70]
[283, 71]
[283, 73]
[283, 74]
[283, 79]
[283, 128]
[283, 131]
[283, 133]
[283, 135]
[283, 136]
[283, 138]
[283, 139]
[283, 141]
[283, 142]
[283, 144]
[283, 145]
[283, 239]
[283, 240]
[283, 293]
[283, 295]
[283, 307]
[283, 308]
[283, 311]
[283, 312]
[283, 313]
[283, 326]
[283, 327]
[284, 60]
[284, 62]
[284, 63]
[284, 65]
[284, 66]
[284, 68]
[284, 69]
[284, 71]
[284, 72]
[284, 74]
[284, 75]
[284, 132]
[284, 133]
[284, 134]
[284, 136]
[284, 137]
[284, 139]
[284, 140]
[284, 142]
[284, 143]
[284, 145]
[284, 146]
[284, 238]
[284, 239]
[284, 293]
[284, 294]
[284, 296]
[284, 305]
[284, 306]
[284, 309]
[284, 310]
[284, 311]
[284, 326]
[285, 59]
[285, 60]
[285, 61]
[285, 62]
[285, 63]
[285, 64]
[285, 65]
[285, 66]
[285, 67]
[285, 68]
[285, 69]
[285, 70]
[285, 71]
[285, 72]
[285, 73]
[285, 74]
[285, 75]
[285, 76]
[285, 77]
[285, 78]
[285, 80]
[285, 127]
[285, 128]
[285, 129]
[285, 130]
[285, 131]
[285, 132]
[285, 133]
[285, 134]
[285, 135]
[285, 136]
[285, 137]
[285, 138]
[285, 139]
[285, 140]
[285, 141]
[285, 142]
[285, 143]
[285, 144]
[285, 145]
[285, 146]
[285, 147]
[285, 148]
[285, 238]
[285, 294]
[285, 296]
[285, 303]
[285, 304]
[285, 307]
[285, 308]
[285, 309]
[285, 325]
[286, 58]
[286, 78]
[286, 79]
[286, 81]
[286, 126]
[286, 129]
[286, 149]
[286, 237]
[286, 238]
[286, 294]
[286, 296]
[286, 297]
[286, 300]
[286, 301]
[286, 302]
[286, 305]
[286, 306]
[286, 307]
[286, 324]
[286, 325]
[287, 58]
[287, 79]
[287, 80]
[287, 82]
[287, 125]
[287, 127]
[287, 128]
[287, 149]
[287, 237]
[287, 295]
[287, 297]
[287, 298]
[287, 299]
[287, 300]
[287, 303]
[287, 304]
[287, 305]
[287, 324]
[288, 59]
[288, 80]
[288, 81]
[288, 83]
[288, 124]
[288, 125]
[288, 126]
[288, 127]
[288, 148]
[288, 236]
[288, 237]
[288, 294]
[288, 301]
[288, 302]
[288, 303]
[288, 323]
[288, 324]
[289, 59]
[289, 81]
[289, 82]
[289, 84]
[289, 123]
[289, 126]
[289, 147]
[289, 148]
[289, 235]
[289, 236]
[289, 287]
[289, 288]
[289, 289]
[289, 290]
[289, 291]
[289, 292]
[289, 293]
[289, 299]
[289, 300]
[289, 301]
[289, 323]
[290, 60]
[290, 82]
[290, 83]
[290, 85]
[290, 122]
[290, 124]
[290, 125]
[290, 147]
[290, 235]
[290, 279]
[290, 280]
[290, 281]
[290, 282]
[290, 283]
[290, 284]
[290, 285]
[290, 286]
[290, 287]
[290, 298]
[290, 299]
[290, 322]
[291, 60]
[291, 61]
[291, 83]
[291, 84]
[291, 86]
[291, 121]
[291, 122]
[291, 123]
[291, 124]
[291, 146]
[291, 147]
[291, 234]
[291, 235]
[291, 271]
[291, 272]
[291, 273]
[291, 274]
[291, 275]
[291, 276]
[291, 277]
[291, 278]
[291, 279]
[291, 287]
[291, 288]
[291, 289]
[291, 290]
[291, 291]
[291, 292]
[291, 293]
[291, 294]
[291, 295]
[291, 298]
[291, 321]
[291, 322]
[292, 61]
[292, 84]
[292, 85]
[292, 87]
[292, 120]
[292, 123]
[292, 146]
[292, 234]
[292, 263]
[292, 264]
[292, 265]
[292, 266]
[292, 267]
[292, 268]
[292, 269]
[292, 270]
[292, 271]
[292, 280]
[292, 281]
[292, 282]
[292, 283]
[292, 284]
[292, 285]
[292, 286]
[292, 287]
[292, 296]
[292, 298]
[292, 321]
[293, 61]
[293, 62]
[293, 85]
[293, 86]
[293, 88]
[293, 119]
[293, 121]
[293, 122]
[293, 145]
[293, 146]
[293, 233]
[293, 256]
[293, 257]
[293, 258]
[293, 259]
[293, 260]
[293, 261]
[293, 262]
[293, 263]
[293, 272]
[293, 273]
[293, 274]
[293, 275]
[293, 276]
[293, 277]
[293, 278]
[293, 279]
[293, 280]
[293, 296]
[293, 298]
[293, 320]
[293, 321]
[294, 62]
[294, 86]
[294, 87]
[294, 89]
[294, 118]
[294, 119]
[294, 120]
[294, 121]
[294, 145]
[294, 233]
[294, 248]
[294, 249]
[294, 250]
[294, 251]
[294, 252]
[294, 253]
[294, 254]
[294, 255]
[294, 256]
[294, 264]
[294, 265]
[294, 266]
[294, 267]
[294, 268]
[294, 269]
[294, 270]
[294, 271]
[294, 272]
[294, 296]
[294, 298]
[294, 320]
[295, 62]
[295, 63]
[295, 87]
[295, 88]
[295, 90]
[295, 117]
[295, 120]
[295, 144]
[295, 145]
[295, 233]
[295, 240]
[295, 241]
[295, 242]
[295, 243]
[295, 244]
[295, 245]
[295, 246]
[295, 247]
[295, 248]
[295, 256]
[295, 257]
[295, 258]
[295, 259]
[295, 260]
[295, 261]
[295, 262]
[295, 263]
[295, 264]
[295, 296]
[295, 298]
[295, 319]
[296, 63]
[296, 88]
[296, 89]
[296, 91]
[296, 116]
[296, 118]
[296, 119]
[296, 144]
[296, 234]
[296, 235]
[296, 236]
[296, 237]
[296, 238]
[296, 239]
[296, 240]
[296, 248]
[296, 249]
[296, 250]
[296, 251]
[296, 252]
[296, 253]
[296, 254]
[296, 255]
[296, 256]
[296, 296]
[296, 298]
[296, 318]
[296, 319]
[297, 63]
[297, 64]
[297, 89]
[297, 90]
[297, 92]
[297, 115]
[297, 116]
[297, 117]
[297, 118]
[297, 143]
[297, 144]
[297, 240]
[297, 241]
[297, 242]
[297, 243]
[297, 244]
[297, 245]
[297, 246]
[297, 247]
[297, 248]
[297, 296]
[297, 298]
[297, 318]
[298, 64]
[298, 90]
[298, 91]
[298, 93]
[298, 114]
[298, 117]
[298, 143]
[298, 237]
[298, 238]
[298, 239]
[298, 240]
[298, 296]
[298, 298]
[298, 317]
[298, 318]
[299, 64]
[299, 65]
[299, 91]
[299, 92]
[299, 94]
[299, 113]
[299, 115]
[299, 116]
[299, 142]
[299, 143]
[299, 236]
[299, 296]
[299, 298]
[299, 317]
[300, 65]
[300, 92]
[300, 93]
[300, 95]
[300, 112]
[300, 113]
[300, 114]
[300, 115]
[300, 142]
[300, 236]
[300, 296]
[300, 298]
[300, 316]
[300, 317]
[301, 65]
[301, 66]
[301, 93]
[301, 94]
[301, 96]
[301, 111]
[301, 114]
[301, 141]
[301, 142]
[301, 236]
[301, 237]
[301, 295]
[301, 296]
[301, 298]
[301, 316]
[302, 66]
[302, 94]
[302, 95]
[302, 97]
[302, 110]
[302, 112]
[302, 113]
[302, 141]
[302, 237]
[302, 238]
[302, 239]
[302, 295]
[302, 296]
[302, 297]
[302, 298]
[302, 315]
[303, 66]
[303, 67]
[303, 95]
[303, 96]
[303, 98]
[303, 109]
[303, 110]
[303, 111]
[303, 112]
[303, 140]
[303, 141]
[303, 239]
[303, 240]
[303, 295]
[303, 298]
[303, 314]
[303, 315]
[304, 67]
[304, 96]
[304, 97]
[304, 99]
[304, 108]
[304, 111]
[304, 140]
[304, 241]
[304, 242]
[304, 295]
[304, 296]
[304, 297]
[304, 298]
[304, 314]
[305, 67]
[305, 68]
[305, 97]
[305, 98]
[305, 100]
[305, 107]
[305, 109]
[305, 110]
[305, 139]
[305, 140]
[305, 242]
[305, 243]
[305, 244]
[305, 295]
[305, 297]
[305, 298]
[305, 313]
[305, 314]
[306, 68]
[306, 98]
[306, 99]
[306, 101]
[306, 106]
[306, 107]
[306, 108]
[306, 109]
[306, 139]
[306, 244]
[306, 245]
[306, 246]
[306, 295]
[306, 296]
[306, 297]
[306, 298]
[306, 313]
[307, 68]
[307, 69]
[307, 99]
[307, 100]
[307, 102]
[307, 105]
[307, 108]
[307, 138]
[307, 139]
[307, 246]
[307, 247]
[307, 295]
[307, 297]
[307, 312]
[308, 69]
[308, 100]
[308, 101]
[308, 103]
[308, 104]
[308, 106]
[308, 107]
[308, 138]
[308, 248]
[308, 249]
[308, 295]
[308, 297]
[308, 298]
[308, 311]
[308, 312]
[309, 69]
[309, 70]
[309, 101]
[309, 105]
[309, 106]
[309, 137]
[309, 138]
[309, 249]
[309, 250]
[309, 251]
[309, 295]
[309, 297]
[309, 311]
[310, 70]
[310, 102]
[310, 105]
[310, 137]
[310, 251]
[310, 252]
[310, 253]
[310, 295]
[310, 297]
[310, 310]
[310, 311]
[311, 70]
[311, 71]
[311, 102]
[311, 104]
[311, 105]
[311, 136]
[311, 137]
[311, 253]
[311, 254]
[311, 255]
[311, 295]
[311, 297]
[311, 310]
[312, 71]
[312, 102]
[312, 103]
[312, 105]
[312, 136]
[312, 255]
[312, 256]
[312, 295]
[312, 297]
[312, 309]
[313, 71]
[313, 72]
[313, 102]
[313, 103]
[313, 104]
[313, 105]
[313, 135]
[313, 136]
[313, 257]
[313, 258]
[313, 295]
[313, 297]
[313, 308]
[313, 309]
[314, 72]
[314, 102]
[314, 104]
[314, 105]
[314, 135]
[314, 258]
[314, 259]
[314, 260]
[314, 295]
[314, 297]
[314, 308]
[315, 72]
[315, 73]
[315, 102]
[315, 103]
[315, 105]
[315, 134]
[315, 135]
[315, 260]
[315, 261]
[315, 262]
[315, 295]
[315, 297]
[315, 307]
[315, 308]
[316, 73]
[316, 102]
[316, 103]
[316, 104]
[316, 105]
[316, 134]
[316, 262]
[316, 263]
[316, 295]
[316, 297]
[316, 307]
[317, 73]
[317, 74]
[317, 102]
[317, 104]
[317, 105]
[317, 133]
[317, 134]
[317, 264]
[317, 265]
[317, 295]
[317, 297]
[317, 306]
[318, 74]
[318, 102]
[318, 103]
[318, 105]
[318, 133]
[318, 265]
[318, 266]
[318, 267]
[318, 295]
[318, 297]
[318, 305]
[318, 306]
[319, 75]
[319, 102]
[319, 103]
[319, 104]
[319, 105]
[319, 132]
[319, 133]
[319, 267]
[319, 268]
[319, 269]
[319, 295]
[319, 297]
[319, 305]
[320, 75]
[320, 76]
[320, 77]
[320, 102]
[320, 104]
[320, 105]
[320, 130]
[320, 131]
[320, 269]
[320, 270]
[320, 295]
[320, 297]
[320, 304]
[320, 305]
[321, 77]
[321, 78]
[321, 79]
[321, 102]
[321, 103]
[321, 105]
[321, 128]
[321, 129]
[321, 130]
[321, 271]
[321, 272]
[321, 295]
[321, 297]
[321, 304]
[322, 79]
[322, 80]
[322, 81]
[322, 102]
[322, 103]
[322, 104]
[322, 105]
[322, 126]
[322, 127]
[322, 128]
[322, 272]
[322, 273]
[322, 274]
[322, 295]
[322, 297]
[322, 303]
[323, 81]
[323, 82]
[323, 83]
[323, 102]
[323, 104]
[323, 105]
[323, 124]
[323, 125]
[323, 126]
[323, 274]
[323, 275]
[323, 276]
[323, 295]
[323, 297]
[323, 302]
[323, 303]
[324, 83]
[324, 84]
[324, 85]
[324, 102]
[324, 103]
[324, 105]
[324, 122]
[324, 123]
[324, 124]
[324, 276]
[324, 277]
[324, 295]
[324, 297]
[324, 302]
[325, 85]
[325, 86]
[325, 87]
[325, 102]
[325, 103]
[325, 104]
[325, 105]
[325, 120]
[325, 121]
[325, 122]
[325, 278]
[325, 279]
[325, 295]
[325, 297]
[325, 301]
[325, 302]
[326, 88]
[326, 89]
[326, 102]
[326, 104]
[326, 105]
[326, 118]
[326, 119]
[326, 279]
[326, 280]
[326, 281]
[326, 295]
[326, 297]
[326, 301]
[327, 89]
[327, 90]
[327, 91]
[327, 102]
[327, 103]
[327, 105]
[327, 116]
[327, 117]
[327, 118]
[327, 281]
[327, 282]
[327, 283]
[327, 295]
[327, 297]
[327, 298]
[327, 299]
[327, 300]
[328, 92]
[328, 93]
[328, 102]
[328, 103]
[328, 104]
[328, 105]
[328, 114]
[328, 115]
[328, 283]
[328, 284]
[328, 285]
[328, 295]
[329, 93]
[329, 94]
[329, 95]
[329, 102]
[329, 104]
[329, 105]
[329, 112]
[329, 113]
[329, 114]
[329, 285]
[329, 286]
[329, 295]
[330, 96]
[330, 97]
[330, 102]
[330, 104]
[330, 105]
[330, 110]
[330, 111]
[330, 287]
[330, 288]
[330, 295]
[331, 97]
[331, 98]
[331, 99]
[331, 102]
[331, 105]
[331, 108]
[331, 109]
[331, 110]
[331, 288]
[331, 289]
[331, 290]
[331, 295]
[332, 100]
[332, 101]
[332, 106]
[332, 107]
[332, 290]
[332, 291]
[332, 294]
[333, 292]
[333, 293]
[413, 276]
[413, 278]
[413, 279]
[413, 281]
[414, 273]
[414, 274]
[414, 275]
[414, 276]
[414, 277]
[414, 278]
[414, 279]
[414, 280]
[414, 281]
[414, 282]
[414, 283]
[415, 138]
[415, 139]
[415, 140]
[415, 272]
[415, 273]
[415, 283]
[415, 287]
[415, 288]
[415, 289]
[415, 290]
[415, 291]
[416, 136]
[416, 137]
[416, 141]
[416, 270]
[416, 271]
[416, 283]
[416, 286]
[416, 287]
[416, 291]
[416, 292]
[416, 293]
[417, 134]
[417, 135]
[417, 136]
[417, 141]
[417, 268]
[417, 269]
[417, 270]
[417, 282]
[417, 283]
[417, 285]
[417, 286]
[417, 293]
[417, 294]
[417, 295]
[418, 132]
[418, 133]
[418, 134]
[418, 140]
[418, 141]
[418, 267]
[418, 268]
[418, 281]
[418, 282]
[418, 284]
[418, 285]
[418, 295]
[418, 296]
[418, 297]
[419, 131]
[419, 132]
[419, 140]
[419, 143]
[419, 144]
[419, 265]
[419, 266]
[419, 280]
[419, 281]
[419, 283]
[419, 284]
[419, 297]
[419, 298]
[420, 129]
[420, 130]
[420, 139]
[420, 140]
[420, 142]
[420, 145]
[420, 263]
[420, 264]
[420, 265]
[420, 279]
[420, 280]
[420, 282]
[420, 283]
[420, 299]
[420, 300]
[421, 127]
[421, 128]
[421, 129]
[421, 139]
[421, 141]
[421, 145]
[421, 261]
[421, 262]
[421, 263]
[421, 278]
[421, 279]
[421, 281]
[421, 282]
[421, 300]
[421, 301]
[421, 302]
[422, 125]
[422, 126]
[422, 127]
[422, 138]
[422, 139]
[422, 141]
[422, 145]
[422, 146]
[422, 260]
[422, 261]
[422, 277]
[422, 278]
[422, 280]
[422, 281]
[422, 302]
[422, 303]
[422, 304]
[423, 124]
[423, 125]
[423, 138]
[423, 140]
[423, 145]
[423, 258]
[423, 259]
[423, 276]
[423, 279]
[423, 304]
[423, 305]
[423, 306]
[424, 122]
[424, 123]
[424, 137]
[424, 139]
[424, 140]
[424, 145]
[424, 146]
[424, 256]
[424, 257]
[424, 258]
[424, 275]
[424, 276]
[424, 277]
[424, 278]
[424, 306]
[424, 307]
[425, 120]
[425, 121]
[425, 122]
[425, 136]
[425, 137]
[425, 139]
[425, 145]
[425, 255]
[425, 256]
[425, 273]
[425, 274]
[425, 277]
[425, 308]
[425, 309]
[426, 119]
[426, 120]
[426, 136]
[426, 138]
[426, 139]
[426, 145]
[426, 146]
[426, 253]
[426, 254]
[426, 272]
[426, 273]
[426, 275]
[426, 276]
[426, 309]
[426, 310]
[426, 311]
[427, 117]
[427, 118]
[427, 135]
[427, 136]
[427, 138]
[427, 145]
[427, 251]
[427, 252]
[427, 253]
[427, 271]
[427, 272]
[427, 274]
[427, 275]
[427, 311]
[427, 312]
[427, 313]
[428, 115]
[428, 116]
[428, 117]
[428, 135]
[428, 137]
[428, 145]
[428, 146]
[428, 250]
[428, 251]
[428, 270]
[428, 271]
[428, 273]
[428, 274]
[428, 313]
[428, 314]
[428, 315]
[429, 113]
[429, 114]
[429, 115]
[429, 134]
[429, 135]
[429, 137]
[429, 145]
[429, 248]
[429, 249]
[429, 269]
[429, 270]
[429, 272]
[429, 273]
[429, 315]
[429, 316]
[430, 112]
[430, 113]
[430, 134]
[430, 136]
[430, 145]
[430, 146]
[430, 246]
[430, 247]
[430, 248]
[430, 268]
[430, 269]
[430, 271]
[430, 272]
[430, 317]
[430, 318]
[431, 110]
[431, 111]
[431, 133]
[431, 135]
[431, 136]
[431, 145]
[431, 244]
[431, 245]
[431, 246]
[431, 267]
[431, 268]
[431, 270]
[431, 271]
[431, 318]
[431, 319]
[431, 320]
[432, 108]
[432, 109]
[432, 110]
[432, 132]
[432, 133]
[432, 135]
[432, 145]
[432, 146]
[432, 243]
[432, 244]
[432, 266]
[432, 267]
[432, 269]
[432, 270]
[432, 320]
[433, 106]
[433, 107]
[433, 108]
[433, 132]
[433, 134]
[433, 135]
[433, 145]
[433, 242]
[433, 264]
[433, 265]
[433, 268]
[433, 269]
[433, 321]
[434, 105]
[434, 106]
[434, 131]
[434, 132]
[434, 134]
[434, 145]
[434, 146]
[434, 241]
[434, 261]
[434, 262]
[434, 263]
[434, 264]
[434, 267]
[434, 320]
[434, 321]
[435, 103]
[435, 104]
[435, 131]
[435, 133]
[435, 145]
[435, 240]
[435, 241]
[435, 257]
[435, 258]
[435, 259]
[435, 260]
[435, 261]
[435, 267]
[435, 320]
[436, 101]
[436, 102]
[436, 103]
[436, 130]
[436, 132]
[436, 133]
[436, 145]
[436, 146]
[436, 239]
[436, 240]
[436, 254]
[436, 255]
[436, 256]
[436, 257]
[436, 261]
[436, 262]
[436, 263]
[436, 264]
[436, 265]
[436, 267]
[436, 320]
[437, 99]
[437, 100]
[437, 101]
[437, 129]
[437, 130]
[437, 132]
[437, 145]
[437, 239]
[437, 250]
[437, 251]
[437, 252]
[437, 253]
[437, 258]
[437, 259]
[437, 260]
[437, 261]
[437, 265]
[437, 266]
[437, 268]
[437, 320]
[437, 322]
[437, 323]
[437, 324]
[437, 325]
[438, 98]
[438, 99]
[438, 129]
[438, 131]
[438, 132]
[438, 145]
[438, 146]
[438, 239]
[438, 246]
[438, 247]
[438, 248]
[438, 249]
[438, 250]
[438, 254]
[438, 255]
[438, 256]
[438, 257]
[438, 266]
[438, 268]
[438, 269]
[438, 319]
[438, 321]
[438, 322]
[438, 325]
[439, 96]
[439, 97]
[439, 128]
[439, 129]
[439, 131]
[439, 145]
[439, 239]
[439, 243]
[439, 244]
[439, 245]
[439, 246]
[439, 251]
[439, 252]
[439, 253]
[439, 254]
[439, 266]
[439, 267]
[439, 269]
[439, 319]
[439, 321]
[439, 326]
[440, 94]
[440, 95]
[440, 96]
[440, 128]
[440, 130]
[440, 145]
[440, 146]
[440, 240]
[440, 241]
[440, 242]
[440, 243]
[440, 247]
[440, 248]
[440, 249]
[440, 250]
[440, 267]
[440, 268]
[440, 269]
[440, 270]
[440, 319]
[440, 321]
[440, 326]
[440, 327]
[441, 93]
[441, 94]
[441, 127]
[441, 128]
[441, 130]
[441, 145]
[441, 243]
[441, 244]
[441, 245]
[441, 246]
[441, 268]
[441, 270]
[441, 318]
[441, 319]
[441, 321]
[441, 327]
[442, 91]
[442, 92]
[442, 127]
[442, 129]
[442, 145]
[442, 146]
[442, 239]
[442, 240]
[442, 241]
[442, 242]
[442, 243]
[442, 268]
[442, 270]
[442, 271]
[442, 318]
[442, 320]
[442, 321]
[442, 327]
[442, 328]
[443, 89]
[443, 90]
[443, 91]
[443, 126]
[443, 128]
[443, 129]
[443, 145]
[443, 236]
[443, 237]
[443, 238]
[443, 239]
[443, 269]
[443, 271]
[443, 318]
[443, 320]
[443, 328]
[444, 87]
[444, 88]
[444, 89]
[444, 125]
[444, 126]
[444, 128]
[444, 145]
[444, 146]
[444, 235]
[444, 236]
[444, 269]
[444, 270]
[444, 272]
[444, 318]
[444, 320]
[444, 328]
[445, 86]
[445, 87]
[445, 125]
[445, 127]
[445, 128]
[445, 145]
[445, 235]
[445, 270]
[445, 272]
[445, 273]
[445, 317]
[445, 318]
[445, 320]
[445, 328]
[446, 84]
[446, 85]
[446, 124]
[446, 125]
[446, 127]
[446, 145]
[446, 146]
[446, 235]
[446, 270]
[446, 271]
[446, 273]
[446, 317]
[446, 319]
[446, 328]
[447, 82]
[447, 83]
[447, 84]
[447, 124]
[447, 126]
[447, 145]
[447, 235]
[447, 271]
[447, 273]
[447, 274]
[447, 317]
[447, 319]
[447, 328]
[448, 80]
[448, 81]
[448, 82]
[448, 123]
[448, 124]
[448, 126]
[448, 145]
[448, 146]
[448, 235]
[448, 271]
[448, 272]
[448, 274]
[448, 317]
[448, 319]
[448, 328]
[449, 79]
[449, 80]
[449, 123]
[449, 125]
[449, 145]
[449, 235]
[449, 272]
[449, 273]
[449, 274]
[449, 275]
[449, 316]
[449, 317]
[449, 318]
[449, 319]
[449, 328]
[450, 77]
[450, 78]
[450, 122]
[450, 124]
[450, 125]
[450, 145]
[450, 146]
[450, 235]
[450, 273]
[450, 275]
[450, 316]
[450, 318]
[450, 328]
[451, 75]
[451, 76]
[451, 77]
[451, 121]
[451, 122]
[451, 124]
[451, 145]
[451, 235]
[451, 273]
[451, 274]
[451, 276]
[451, 316]
[451, 318]
[451, 328]
[452, 73]
[452, 74]
[452, 75]
[452, 121]
[452, 123]
[452, 124]
[452, 145]
[452, 146]
[452, 235]
[452, 274]
[452, 276]
[452, 316]
[452, 318]
[452, 328]
[453, 72]
[453, 73]
[453, 120]
[453, 121]
[453, 123]
[453, 145]
[453, 235]
[453, 274]
[453, 275]
[453, 277]
[453, 315]
[453, 317]
[453, 318]
[453, 328]
[454, 70]
[454, 71]
[454, 120]
[454, 122]
[454, 145]
[454, 146]
[454, 235]
[454, 275]
[454, 277]
[454, 278]
[454, 315]
[454, 317]
[454, 328]
[455, 68]
[455, 69]
[455, 70]
[455, 119]
[455, 120]
[455, 122]
[455, 145]
[455, 235]
[455, 275]
[455, 276]
[455, 278]
[455, 315]
[455, 317]
[455, 328]
[456, 67]
[456, 68]
[456, 119]
[456, 121]
[456, 145]
[456, 146]
[456, 235]
[456, 276]
[456, 277]
[456, 278]
[456, 279]
[456, 314]
[456, 315]
[456, 317]
[456, 328]
[457, 65]
[457, 66]
[457, 118]
[457, 120]
[457, 121]
[457, 145]
[457, 235]
[457, 277]
[457, 279]
[457, 314]
[457, 316]
[457, 328]
[458, 63]
[458, 64]
[458, 65]
[458, 117]
[458, 118]
[458, 120]
[458, 145]
[458, 146]
[458, 235]
[458, 277]
[458, 279]
[458, 280]
[458, 314]
[458, 316]
[458, 328]
[459, 62]
[459, 63]
[459, 117]
[459, 119]
[459, 120]
[459, 145]
[459, 235]
[459, 278]
[459, 280]
[459, 314]
[459, 316]
[459, 328]
[460, 62]
[460, 116]
[460, 117]
[460, 119]
[460, 145]
[460, 146]
[460, 235]
[460, 278]
[460, 279]
[460, 281]
[460, 313]
[460, 314]
[460, 315]
[460, 316]
[460, 328]
[461, 62]
[461, 116]
[461, 118]
[461, 145]
[461, 235]
[461, 279]
[461, 281]
[461, 313]
[461, 315]
[461, 328]
[462, 62]
[462, 63]
[462, 64]
[462, 65]
[462, 66]
[462, 67]
[462, 68]
[462, 69]
[462, 70]
[462, 71]
[462, 72]
[462, 73]
[462, 74]
[462, 75]
[462, 76]
[462, 77]
[462, 78]
[462, 79]
[462, 80]
[462, 81]
[462, 82]
[462, 83]
[462, 84]
[462, 85]
[462, 86]
[462, 87]
[462, 88]
[462, 89]
[462, 90]
[462, 91]
[462, 92]
[462, 93]
[462, 94]
[462, 95]
[462, 96]
[462, 97]
[462, 98]
[462, 99]
[462, 100]
[462, 101]
[462, 102]
[462, 103]
[462, 104]
[462, 105]
[462, 106]
[462, 107]
[462, 108]
[462, 109]
[462, 110]
[462, 111]
[462, 112]
[462, 113]
[462, 114]
[462, 115]
[462, 117]
[462, 118]
[462, 145]
[462, 146]
[462, 235]
[462, 279]
[462, 280]
[462, 282]
[462, 283]
[462, 284]
[462, 285]
[462, 286]
[462, 287]
[462, 288]
[462, 289]
[462, 290]
[462, 291]
[462, 292]
[462, 293]
[462, 294]
[462, 295]
[462, 296]
[462, 297]
[462, 298]
[462, 299]
[462, 300]
[462, 301]
[462, 302]
[462, 303]
[462, 304]
[462, 305]
[462, 306]
[462, 307]
[462, 308]
[462, 309]
[462, 310]
[462, 311]
[462, 312]
[462, 313]
[462, 315]
[462, 328]
[463, 64]
[463, 66]
[463, 68]
[463, 69]
[463, 71]
[463, 72]
[463, 74]
[463, 75]
[463, 77]
[463, 78]
[463, 80]
[463, 81]
[463, 83]
[463, 84]
[463, 86]
[463, 87]
[463, 89]
[463, 90]
[463, 92]
[463, 93]
[463, 95]
[463, 96]
[463, 98]
[463, 99]
[463, 101]
[463, 102]
[463, 104]
[463, 105]
[463, 107]
[463, 108]
[463, 110]
[463, 111]
[463, 113]
[463, 117]
[463, 145]
[463, 235]
[463, 280]
[463, 284]
[463, 285]
[463, 287]
[463, 288]
[463, 290]
[463, 291]
[463, 293]
[463, 294]
[463, 296]
[463, 297]
[463, 299]
[463, 300]
[463, 302]
[463, 303]
[463, 305]
[463, 306]
[463, 308]
[463, 309]
[463, 315]
[463, 328]
[464, 63]
[464, 65]
[464, 66]
[464, 67]
[464, 69]
[464, 70]
[464, 72]
[464, 73]
[464, 75]
[464, 76]
[464, 78]
[464, 79]
[464, 81]
[464, 82]
[464, 84]
[464, 85]
[464, 87]
[464, 88]
[464, 90]
[464, 91]
[464, 93]
[464, 94]
[464, 96]
[464, 97]
[464, 99]
[464, 100]
[464, 102]
[464, 103]
[464, 105]
[464, 106]
[464, 108]
[464, 109]
[464, 111]
[464, 112]
[464, 114]
[464, 117]
[464, 145]
[464, 146]
[464, 235]
[464, 280]
[464, 283]
[464, 285]
[464, 286]
[464, 288]
[464, 289]
[464, 291]
[464, 292]
[464, 294]
[464, 295]
[464, 297]
[464, 298]
[464, 300]
[464, 301]
[464, 303]
[464, 304]
[464, 306]
[464, 307]
[464, 309]
[464, 310]
[464, 311]
[464, 315]
[464, 328]
[465, 62]
[465, 63]
[465, 64]
[465, 65]
[465, 66]
[465, 67]
[465, 68]
[465, 69]
[465, 70]
[465, 71]
[465, 72]
[465, 73]
[465, 74]
[465, 75]
[465, 76]
[465, 77]
[465, 78]
[465, 79]
[465, 80]
[465, 81]
[465, 82]
[465, 83]
[465, 84]
[465, 85]
[465, 86]
[465, 87]
[465, 88]
[465, 89]
[465, 90]
[465, 91]
[465, 92]
[465, 93]
[465, 94]
[465, 95]
[465, 96]
[465, 97]
[465, 98]
[465, 99]
[465, 100]
[465, 101]
[465, 102]
[465, 103]
[465, 104]
[465, 105]
[465, 106]
[465, 107]
[465, 108]
[465, 109]
[465, 110]
[465, 111]
[465, 112]
[465, 113]
[465, 114]
[465, 115]
[465, 117]
[465, 118]
[465, 145]
[465, 235]
[465, 279]
[465, 280]
[465, 282]
[465, 283]
[465, 284]
[465, 285]
[465, 286]
[465, 287]
[465, 288]
[465, 289]
[465, 290]
[465, 291]
[465, 292]
[465, 293]
[465, 294]
[465, 295]
[465, 296]
[465, 297]
[465, 298]
[465, 299]
[465, 300]
[465, 301]
[465, 302]
[465, 303]
[465, 304]
[465, 305]
[465, 306]
[465, 307]
[465, 308]
[465, 309]
[465, 310]
[465, 311]
[465, 312]
[465, 313]
[465, 315]
[465, 328]
[466, 62]
[466, 116]
[466, 118]
[466, 145]
[466, 146]
[466, 235]
[466, 279]
[466, 281]
[466, 313]
[466, 315]
[466, 328]
[467, 62]
[467, 116]
[467, 117]
[467, 119]
[467, 145]
[467, 235]
[467, 278]
[467, 279]
[467, 281]
[467, 313]
[467, 314]
[467, 316]
[467, 328]
[468, 62]
[468, 63]
[468, 117]
[468, 119]
[468, 120]
[468, 145]
[468, 146]
[468, 235]
[468, 278]
[468, 280]
[468, 314]
[468, 316]
[468, 328]
[469, 63]
[469, 64]
[469, 65]
[469, 117]
[469, 118]
[469, 120]
[469, 145]
[469, 235]
[469, 277]
[469, 279]
[469, 280]
[469, 314]
[469, 316]
[469, 328]
[470, 65]
[470, 66]
[470, 118]
[470, 119]
[470, 120]
[470, 121]
[470, 145]
[470, 146]
[470, 235]
[470, 277]
[470, 279]
[470, 314]
[470, 316]
[470, 328]
[471, 67]
[471, 68]
[471, 119]
[471, 121]
[471, 145]
[471, 235]
[471, 276]
[471, 278]
[471, 279]
[471, 314]
[471, 315]
[471, 317]
[471, 328]
[472, 68]
[472, 69]
[472, 70]
[472, 119]
[472, 120]
[472, 122]
[472, 145]
[472, 146]
[472, 235]
[472, 275]
[472, 276]
[472, 278]
[472, 315]
[472, 317]
[472, 328]
[473, 70]
[473, 71]
[473, 72]
[473, 120]
[473, 122]
[473, 145]
[473, 235]
[473, 275]
[473, 277]
[473, 278]
[473, 315]
[473, 317]
[473, 328]
[474, 72]
[474, 73]
[474, 120]
[474, 121]
[474, 123]
[474, 145]
[474, 146]
[474, 235]
[474, 274]
[474, 275]
[474, 277]
[474, 315]
[474, 316]
[474, 317]
[474, 318]
[474, 328]
[475, 74]
[475, 75]
[475, 121]
[475, 123]
[475, 124]
[475, 145]
[475, 235]
[475, 274]
[475, 276]
[475, 316]
[475, 318]
[475, 328]
[476, 75]
[476, 76]
[476, 77]
[476, 121]
[476, 122]
[476, 124]
[476, 145]
[476, 146]
[476, 235]
[476, 273]
[476, 274]
[476, 276]
[476, 316]
[476, 318]
[476, 328]
[477, 77]
[477, 78]
[477, 122]
[477, 123]
[477, 124]
[477, 125]
[477, 145]
[477, 235]
[477, 273]
[477, 275]
[477, 316]
[477, 318]
[477, 328]
[478, 79]
[478, 80]
[478, 123]
[478, 125]
[478, 145]
[478, 146]
[478, 235]
[478, 272]
[478, 274]
[478, 275]
[478, 316]
[478, 317]
[478, 319]
[478, 328]
[479, 80]
[479, 81]
[479, 82]
[479, 123]
[479, 124]
[479, 126]
[479, 145]
[479, 235]
[479, 271]
[479, 272]
[479, 274]
[479, 317]
[479, 319]
[479, 328]
[480, 82]
[480, 83]
[480, 84]
[480, 124]
[480, 126]
[480, 145]
[480, 146]
[480, 235]
[480, 271]
[480, 273]
[480, 274]
[480, 317]
[480, 319]
[480, 328]
[481, 84]
[481, 85]
[481, 124]
[481, 125]
[481, 127]
[481, 145]
[481, 235]
[481, 270]
[481, 271]
[481, 273]
[481, 317]
[481, 319]
[481, 328]
[482, 86]
[482, 87]
[482, 125]
[482, 127]
[482, 128]
[482, 145]
[482, 146]
[482, 235]
[482, 270]
[482, 272]
[482, 273]
[482, 317]
[482, 318]
[482, 320]
[482, 328]
[483, 87]
[483, 88]
[483, 89]
[483, 125]
[483, 126]
[483, 128]
[483, 145]
[483, 235]
[483, 236]
[483, 269]
[483, 270]
[483, 272]
[483, 318]
[483, 320]
[483, 328]
[484, 89]
[484, 90]
[484, 91]
[484, 126]
[484, 127]
[484, 128]
[484, 129]
[484, 145]
[484, 146]
[484, 236]
[484, 237]
[484, 238]
[484, 239]
[484, 269]
[484, 271]
[484, 318]
[484, 320]
[484, 328]
[485, 91]
[485, 92]
[485, 127]
[485, 129]
[485, 145]
[485, 239]
[485, 240]
[485, 241]
[485, 242]
[485, 243]
[485, 268]
[485, 269]
[485, 271]
[485, 318]
[485, 319]
[485, 320]
[485, 321]
[485, 327]
[485, 328]
[486, 93]
[486, 94]
[486, 127]
[486, 128]
[486, 130]
[486, 145]
[486, 146]
[486, 243]
[486, 244]
[486, 245]
[486, 246]
[486, 268]
[486, 270]
[486, 319]
[486, 321]
[486, 327]
[487, 94]
[487, 95]
[487, 96]
[487, 128]
[487, 130]
[487, 131]
[487, 145]
[487, 240]
[487, 241]
[487, 242]
[487, 247]
[487, 248]
[487, 249]
[487, 250]
[487, 267]
[487, 269]
[487, 270]
[487, 319]
[487, 321]
[487, 326]
[487, 327]
[488, 96]
[488, 97]
[488, 98]
[488, 128]
[488, 129]
[488, 131]
[488, 145]
[488, 146]
[488, 239]
[488, 243]
[488, 244]
[488, 245]
[488, 246]
[488, 250]
[488, 251]
[488, 252]
[488, 253]
[488, 254]
[488, 266]
[488, 267]
[488, 269]
[488, 319]
[488, 321]
[488, 326]
[489, 98]
[489, 99]
[489, 129]
[489, 130]
[489, 131]
[489, 132]
[489, 145]
[489, 239]
[489, 246]
[489, 247]
[489, 248]
[489, 249]
[489, 254]
[489, 255]
[489, 256]
[489, 257]
[489, 266]
[489, 268]
[489, 269]
[489, 319]
[489, 320]
[489, 322]
[489, 325]
[490, 100]
[490, 101]
[490, 130]
[490, 132]
[490, 145]
[490, 146]
[490, 239]
[490, 250]
[490, 251]
[490, 252]
[490, 253]
[490, 257]
[490, 258]
[490, 259]
[490, 260]
[490, 261]
[490, 265]
[490, 266]
[490, 268]
[490, 320]
[490, 322]
[490, 323]
[490, 324]
[490, 325]
[491, 101]
[491, 102]
[491, 103]
[491, 130]
[491, 132]
[491, 133]
[491, 145]
[491, 239]
[491, 240]
[491, 254]
[491, 255]
[491, 256]
[491, 257]
[491, 261]
[491, 262]
[491, 263]
[491, 264]
[491, 265]
[491, 267]
[491, 320]
[492, 103]
[492, 104]
[492, 131]
[492, 133]
[492, 145]
[492, 146]
[492, 240]
[492, 241]
[492, 257]
[492, 258]
[492, 259]
[492, 260]
[492, 267]
[492, 320]
[493, 105]
[493, 106]
[493, 131]
[493, 132]
[493, 134]
[493, 145]
[493, 241]
[493, 261]
[493, 262]
[493, 263]
[493, 264]
[493, 267]
[493, 320]
[493, 321]
[494, 106]
[494, 107]
[494, 108]
[494, 132]
[494, 134]
[494, 135]
[494, 145]
[494, 146]
[494, 242]
[494, 265]
[494, 266]
[494, 268]
[494, 269]
[494, 321]
[495, 108]
[495, 109]
[495, 110]
[495, 132]
[495, 133]
[495, 135]
[495, 145]
[495, 243]
[495, 244]
[495, 266]
[495, 267]
[495, 269]
[495, 270]
[495, 320]
[496, 110]
[496, 111]
[496, 133]
[496, 134]
[496, 135]
[496, 136]
[496, 145]
[496, 146]
[496, 244]
[496, 245]
[496, 246]
[496, 267]
[496, 268]
[496, 270]
[496, 271]
[496, 318]
[496, 319]
[496, 320]
[497, 112]
[497, 113]
[497, 134]
[497, 136]
[497, 145]
[497, 246]
[497, 247]
[497, 248]
[497, 268]
[497, 269]
[497, 271]
[497, 272]
[497, 317]
[497, 318]
[498, 113]
[498, 114]
[498, 115]
[498, 134]
[498, 135]
[498, 137]
[498, 145]
[498, 146]
[498, 248]
[498, 249]
[498, 269]
[498, 270]
[498, 272]
[498, 273]
[498, 315]
[498, 316]
[499, 115]
[499, 116]
[499, 117]
[499, 135]
[499, 137]
[499, 145]
[499, 250]
[499, 251]
[499, 270]
[499, 271]
[499, 273]
[499, 274]
[499, 313]
[499, 314]
[500, 117]
[500, 118]
[500, 135]
[500, 136]
[500, 138]
[500, 145]
[500, 146]
[500, 251]
[500, 252]
[500, 253]
[500, 271]
[500, 272]
[500, 274]
[500, 275]
[500, 311]
[500, 312]
[500, 313]
[501, 119]
[501, 120]
[501, 136]
[501, 138]
[501, 139]
[501, 145]
[501, 253]
[501, 254]
[501, 272]
[501, 273]
[501, 275]
[501, 276]
[501, 309]
[501, 310]
[501, 311]
[502, 120]
[502, 121]
[502, 122]
[502, 136]
[502, 137]
[502, 139]
[502, 145]
[502, 146]
[502, 255]
[502, 256]
[502, 273]
[502, 274]
[502, 276]
[502, 277]
[502, 308]
[502, 309]
[503, 122]
[503, 123]
[503, 137]
[503, 138]
[503, 139]
[503, 140]
[503, 145]
[503, 256]
[503, 257]
[503, 258]
[503, 275]
[503, 277]
[503, 278]
[503, 306]
[503, 307]
[504, 124]
[504, 125]
[504, 138]
[504, 140]
[504, 145]
[504, 146]
[504, 258]
[504, 259]
[504, 260]
[504, 276]
[504, 279]
[504, 304]
[504, 305]
[505, 125]
[505, 126]
[505, 127]
[505, 138]
[505, 139]
[505, 141]
[505, 145]
[505, 260]
[505, 261]
[505, 277]
[505, 278]
[505, 280]
[505, 281]
[505, 302]
[505, 303]
[505, 304]
[506, 127]
[506, 128]
[506, 129]
[506, 139]
[506, 141]
[506, 145]
[506, 146]
[506, 261]
[506, 262]
[506, 263]
[506, 278]
[506, 279]
[506, 281]
[506, 282]
[506, 300]
[506, 301]
[506, 302]
[507, 129]
[507, 130]
[507, 139]
[507, 140]
[507, 142]
[507, 145]
[507, 263]
[507, 264]
[507, 265]
[507, 279]
[507, 280]
[507, 282]
[507, 283]
[507, 299]
[507, 300]
[508, 131]
[508, 132]
[508, 140]
[508, 142]
[508, 143]
[508, 144]
[508, 265]
[508, 266]
[508, 280]
[508, 281]
[508, 283]
[508, 284]
[508, 297]
[508, 298]
[509, 132]
[509, 133]
[509, 134]
[509, 140]
[509, 141]
[509, 267]
[509, 268]
[509, 281]
[509, 282]
[509, 284]
[509, 285]
[509, 295]
[509, 296]
[510, 134]
[510, 135]
[510, 136]
[510, 141]
[510, 268]
[510, 269]
[510, 270]
[510, 282]
[510, 283]
[510, 285]
[510, 286]
[510, 293]
[510, 294]
[510, 295]
[511, 136]
[511, 137]
[511, 141]
[511, 270]
[511, 271]
[511, 283]
[511, 286]
[511, 287]
[511, 291]
[511, 292]
[511, 293]
[512, 138]
[512, 139]
[512, 140]
[512, 272]
[512, 273]
[512, 283]
[512, 287]
[512, 288]
[512, 289]
[512, 290]
[512, 291]
[513, 273]
[513, 274]
[513, 275]
[513, 276]
[513, 277]
[513, 278]
[513, 279]
[513, 280]
[513, 281]
[513, 282]
[513, 283]
[514, 276]
[514, 278]
[514, 280]
